0 42053 - cabin
0 Name: 42053 - cabin.mpd
0 Author: QK Lego Builder
0 !LDRAW_ORG Unofficial_Model

1 0 0 0 0 0 -1 0 1 0 0 0 0 1 40490.dat
1 0 10 0 60 1 0 0 0 1 0 0 0 1 2780.dat
1 0 10 0 20 1 0 0 0 1 0 0 0 1 2780.dat
1 0 20 0 -20 -1 0 0 0 0 1 0 1 0 15100.dat
1 0 20 0 -40 0 -1 0 0 0 1 -1 0 0 18651.dat
1 0 20 0 -40 0 1 0 0 0 -1 -1 0 0 6536.dat
1 0 20 0 -60 -1 0 0 0 0 1 0 1 0 15100.dat
1 0 -10 0 -40 1 0 0 0 1 0 0 0 1 2780.dat
1 0 -10 0 40 1 0 0 0 1 0 0 0 1 2780.dat
1 0 -20 0 0 0 -1 0 1 0 0 0 0 1 40490.dat
1 0 -30 0 60 1 0 0 0 1 0 0 0 1 2780.dat
1 0 -30 0 20 1 0 0 0 1 0 0 0 1 2780.dat
1 0 -40 0 -20 1 0 0 0 0 -1 0 1 0 15100.dat
1 0 -40 0 -40 0 1 0 0 0 -1 -1 0 0 18651.dat
1 0 -40 0 -40 0 -1 0 0 0 1 -1 0 0 63869.dat
1 0 -40 0 -60 1 0 0 0 0 -1 0 1 0 15100.dat
1 7 20 40 40 0 -1 0 0 0 -1 1 0 0 60484.dat
1 0 10 40 40 -1 0 0 0 -1 0 0 0 1 2780.dat
1 15 0 40 40 0 -1 0 1 0 0 0 0 1 32526.dat
1 0 -10 40 60 -1 0 0 0 -1 0 0 0 1 2780.dat
1 0 -10 40 120 -1 0 0 0 -1 0 0 0 1 2780.dat
1 0 -10 60 120 -1 0 0 0 -1 0 0 0 1 2780.dat
1 15 -20 40 40 0 1 0 -1 0 0 0 0 1 32526.dat
1 0 -10 20 120 -1 0 0 0 -1 0 0 0 1 2780.dat
1 15 -20 80 120 0 -1 0 0 0 -1 1 0 0 60483.dat
1 15 0 0 120 0 1 0 0 0 1 1 0 0 60483.dat
1 0 -40 40 100 1 0 0 0 1 0 0 0 1 15100.dat
1 0 20 40 100 -1 0 0 0 1 0 0 0 -1 15100.dat
1 0 -30 40 40 -1 0 0 0 -1 0 0 0 1 2780.dat
1 7 -40 40 40 0 -1 0 0 0 -1 1 0 0 60484.dat
1 0 -30 20 80 1 0 0 0 1 0 0 0 1 15461.dat
1 0 10 20 80 -1 0 0 0 1 0 0 0 -1 15461.dat
1 1 -40 40 100 0 0 1 1 0 0 0 1 0 6558.dat
1 1 20 40 100 0 0 1 1 0 0 0 1 0 6558.dat
1 0 -50 20 100 0 0 1 0 -1 0 1 0 0 43857.dat
1 0 30 20 100 0 0 1 0 -1 0 1 0 0 43857.dat
1 1 -60 20 100 0 0 1 1 0 0 0 1 0 6558.dat
1 1 40 20 100 0 0 1 1 0 0 0 1 0 6558.dat
1 0 -60 0 20 1 0 0 0 1 0 0 0 1 32526.dat
1 0 40 0 20 -1 0 0 0 -1 0 0 0 1 32526.dat
1 0 -20 10 100 0 -1 0 1 0 0 0 0 1 2780.dat
1 0 0 10 100 0 -1 0 1 0 0 0 0 1 2780.dat
1 0 -10 20 100 0 0 1 0 -1 0 1 0 0 43857.dat
1 0 -60 10 40 0 -1 0 1 0 0 0 0 1 2780.dat
1 0 40 10 40 0 -1 0 1 0 0 0 0 1 2780.dat
1 0 -10 0 0 -1 0 0 0 -1 0 0 0 1 3706.dat
1 0 -10 0 -80 -1 0 0 0 -1 0 0 0 1 3706.dat
1 15 -40 0 0 0 1 0 0 0 1 1 0 0 60483.dat
1 0 -40 0 -80 -1 0 0 0 0 -1 0 -1 0 63869.dat
1 0 20 0 -80 -1 0 0 0 0 -1 0 -1 0 63869.dat
1 0 -60 0 0 0 0 1 0 -1 0 1 0 0 32039.dat
1 0 -60 0 -80 0 0 1 0 -1 0 1 0 0 32039.dat
1 0 -80 0 -40 0 -1 0 0 0 1 -1 0 0 3706.dat
1 0 40 10 -100 0 -1 0 1 0 0 0 0 1 2780.dat
1 0 20 10 -100 0 -1 0 1 0 0 0 0 1 2780.dat
1 0 -40 10 -100 0 -1 0 1 0 0 0 0 1 2780.dat
1 0 -60 10 -100 0 -1 0 1 0 0 0 0 1 2780.dat
1 0 -60 10 -60 0 -1 0 1 0 0 0 0 1 2780.dat
1 0 -60 10 -40 0 -1 0 1 0 0 0 0 1 2780.dat
1 0 20 20 -80 -1 0 0 0 0 -1 0 -1 0 6536.dat
1 0 -40 20 -80 -1 0 0 0 0 -1 0 -1 0 6536.dat
1 4 -10 20 -80 -1 0 0 0 0 -1 0 -1 0 3705.dat
1 0 5 60 -80 0 1 0 0 0 -1 -1 0 0 6632.dat
1 0 -25 60 -80 0 1 0 0 0 -1 -1 0 0 6632.dat
1 4 -10 60 -80 1 0 0 0 1 0 0 0 1 32062.dat
1 0 -10 20 -80 1 0 0 0 -1 0 0 0 -1 10197.dat
1 0 -10 60 -80 1 0 0 0 0 1 0 -1 0 32016.dat
1 4 -10 87.716 -68.519 0 1 0 0.924 0 0.383 0.383 0 -0.924 32062.dat
1 15 -10 20 -40 -1 0 0 0 1 0 0 0 -1 32034.dat
1 0 -10 20 0 -1 0 0 0 -1 0 0 0 1 10197.dat
1 4 -10 20 0 -1 0 0 0 0 -1 0 -1 0 3705.dat
1 7 -25 20 0 0 0 1 -1 0 0 0 -1 0 32123a.dat
1 7 5 20 0 0 0 1 -1 0 0 0 -1 0 32123a.dat
1 15 20 0 0 0 1 0 0 0 1 1 0 0 60483.dat
1 0 40 0 0 -1 0 0 0 0 -1 0 -1 0 6536.dat
1 0 40 0 -80 1 0 0 0 0 -1 0 1 0 6536.dat
1 0 40 10 -40 0 -1 0 1 0 0 0 0 1 2780.dat
1 0 40 10 -60 0 -1 0 1 0 0 0 0 1 2780.dat
1 0 -60 20 -120 1 0 0 0 0 -1 0 1 0 6536.dat
1 0 40 20 -120 1 0 0 0 0 -1 0 1 0 6536.dat
1 0 -10 20 -120 -1 0 0 0 0 1 0 1 0 3706.dat
1 0 20 40 -120 -1 0 0 0 0 1 0 1 0 32039.dat
1 0 0 40 -120 -1 0 0 0 0 1 0 1 0 32039.dat
1 0 -20 40 -120 -1 0 0 0 0 1 0 1 0 32039.dat
1 0 -40 40 -120 -1 0 0 0 0 1 0 1 0 32039.dat
1 1 -60 20 80 0 0 1 1 0 0 0 1 0 6558.dat
1 0 -60 20 0 -1 0 0 0 -1 0 0 0 1 40490.dat
1 0 -60 30 -80 0 -1 0 1 0 0 0 0 1 2780.dat
1 0 -60 30 20 0 -1 0 1 0 0 0 0 1 2780.dat
1 1 40 20 80 0 0 1 1 0 0 0 1 0 6558.dat
1 0 40 20 0 -1 0 0 0 -1 0 0 0 1 40490.dat
1 0 40 30 -80 0 -1 0 1 0 0 0 0 1 2780.dat
1 0 40 30 20 0 -1 0 1 0 0 0 0 1 2780.dat
1 0 -60 40 -20 -1 0 0 0 -1 0 0 0 1 40490.dat
1 1 -60 60 60 0 0 1 1 0 0 0 1 0 6558.dat
1 0 -60 50 0 0 -1 0 1 0 0 0 0 1 2780.dat
1 0 40 40 -20 -1 0 0 0 -1 0 0 0 1 40490.dat
1 1 40 60 60 0 0 1 1 0 0 0 1 0 6558.dat
1 0 40 50 0 0 -1 0 1 0 0 0 0 1 2780.dat
1 0 -60 40 90 -1 0 0 0 -1 0 0 0 1 43857.dat
1 0 40 40 90 -1 0 0 0 -1 0 0 0 1 43857.dat
1 7 -10 65 100 0 0 -1 0 -1 0 -1 0 0 32063.dat
1 7 -10 55 100 0 0 -1 0 -1 0 -1 0 0 32063.dat
1 0 -60 70 100 0 -1 0 1 0 0 0 0 1 2780.dat
1 0 40 70 100 0 -1 0 1 0 0 0 0 1 2780.dat
1 7 -60 60 40 -1 0 0 0 -1 0 0 0 1 32316.dat
1 0 40 60 40 -1 0 0 0 -1 0 0 0 1 32316.dat
1 1 -60 80 80 0 0 1 1 0 0 0 1 0 6558.dat
1 1 40 80 80 0 0 1 1 0 0 0 1 0 6558.dat
1 0 40 80 40 -1 0 0 0 -1 0 0 0 1 32140.dat
1 7 -60 80 40 1 0 0 0 1 0 0 0 1 32140.dat
1 1 20 90 100 0 -1 0 1 0 0 0 0 1 43093.dat
1 1 -40 90 100 0 -1 0 1 0 0 0 0 1 43093.dat
1 0 20 120 100 0 -1 0 1 0 0 0 0 1 32054.dat
1 0 -40 120 100 0 -1 0 1 0 0 0 0 1 32054.dat
1 7 -60 100 90 -1 0 0 0 -1 0 0 0 1 43857.dat
1 0 40 100 90 -1 0 0 0 -1 0 0 0 1 43857.dat
1 0 -60 110 100 0 -1 0 1 0 0 0 0 1 2780.dat
1 0 40 110 100 0 -1 0 1 0 0 0 0 1 2780.dat
1 7 -10 125 100 0 0 -1 0 -1 0 -1 0 0 32063.dat
1 7 -10 115 100 0 0 -1 0 -1 0 -1 0 0 32063.dat
1 0 0 130 100 0 -1 0 1 0 0 0 0 1 2780.dat
1 0 -20 130 100 0 -1 0 1 0 0 0 0 1 2780.dat
1 0 -10 140 100 0 0 -1 0 -1 0 -1 0 0 43857.dat
1 16 -10 40 80 -1 0 0 0 -1 0 0 0 1 42053 - seat.mpd
1 15 -10 109.889 -59.335 -1 0 0 0 -0.924 -0.383 0 -0.383 0.924 2819.dat
1 16 30 220 40 -1 0 0 0 -1 0 0 0 1 42053 - cabinroof.mpd
1 0 30 240 120 -1 0 0 0 0 1 0 1 0 32039.dat
1 15 30 241 120 -1 0 0 0 -1 0 0 0 1 58176.dat
1 0 -10 220 -100 1 0 0 0 -0.242 0.97 0 -0.97 -0.242 3706.dat
1 0 20 200.681 -105.176 1 0 0 0 -0.259 -0.966 0 0.966 -0.259 32126.dat
1 16 -35 165.681 -105.176 1 0 0 0 -0.259 -0.966 0 0.966 -0.259 42053 - rigid3mmHose-1.mpd
1 0 40 220 -100 1 0 0 0 0.97 0.242 0 -0.242 0.97 6536.dat
1 0 -10 220 -100 1 0 0 0 0.242 -0.97 0 0.97 0.242 41678.dat
1 0 0 234.567 -124.244 0 0 -1 0.242 0.97 0 0.97 -0.242 0 15100.dat
1 0 -20 234.567 -124.244 0 0 -1 0.242 0.97 0 0.97 -0.242 0 15100.dat
1 0 0 200.681 -105.176 1 0 0 0 -0.259 -0.966 0 0.966 -0.259 32126.dat
1 16 -55 165.681 -105.176 1 0 0 0 -0.259 -0.966 0 0.966 -0.259 42053 - rigid3mmHose-1.mpd
1 0 -20 200.681 -105.176 -1 0 0 0 0.259 -0.966 0 -0.966 -0.259 32126.dat
1 16 -75 165.681 -105.176 1 0 0 0 -0.259 -0.966 0 0.966 -0.259 42053 - rigid3mmHose-1.mpd
1 0 -40 200.681 -105.176 -1 0 0 0 0.259 -0.966 0 -0.966 -0.259 32126.dat
1 16 -95 165.681 -105.176 1 0 0 0 -0.259 -0.966 0 0.966 -0.259 42053 - rigid3mmHose-1.mpd
1 15 -20 220 -60 -1 0 0 0 0.259 -0.966 0 -0.966 -0.259 44294.dat
1 7 40 220 -60 -1 0 0 0 0.259 -0.966 0 -0.966 -0.259 6536.dat
1 15 40 215.517 -81.907 0 0 1 -0.966 0.259 0 -0.259 -0.966 0 4274.dat
1 16 40 230.006 -78.024 -1 0 0 0 0.966 0.259 0 0.259 -0.966 42053 - technicFlexAxle-1.mpd
1 15 15 220 -60 0 -1 0 -0.966 0 0.259 -0.259 0 -0.966 41677.dat
1 0 0 222.588 -69.659 0 -1 0 -0.966 0 0.259 -0.259 0 -0.966 43857.dat
1 0 -20 222.588 -69.659 0 -1 0 -0.966 0 0.259 -0.259 0 -0.966 43857.dat
1 15 -35 220 -60 0 -1 0 -0.966 0 0.259 -0.259 0 -0.966 41677.dat
1 15 -10 225.176 -79.319 1 0 0 0 -0.966 0.259 0 -0.259 -0.966 4519.dat
1 0 -45 220 -40 0 -1 0 1 0 0 0 0 1 32065.dat
1 1 -40 220 20 1 0 0 0 1 0 0 0 1 6558.dat
1 0 -38 220 0 1 0 0 0 1 0 0 0 1 18651.dat
1 7 -60 220 40 0 0 -1 1 0 0 0 -1 0 6536.dat
1 0 -60 130 40 0 0 -1 1 0 0 0 -1 0 3737.dat
1 15 -50 220 -40 1 0 0 0 0 1 0 -1 0 32002.dat
1 7 -60 220 -20 0 1 0 1 0 0 0 0 -1 32523.dat
1 16 -60 230.006 -78.024 -1 0 0 0 0.966 0.259 0 0.259 -0.966 42053 - technicFlexAxle-1.mpd
1 15 -60 215.517 -81.907 0 0 1 -0.966 0.259 0 -0.259 -0.966 0 4274.dat
1 7 -60 220 -60 -1 0 0 0 0.259 -0.966 0 -0.966 -0.259 6536.dat
1 15 -60 199.756 -105.75 1 0 0 0 0.982 -0.191 0 0.191 0.982 60483.dat
1 15 -60 60 -120 1 0 0 0 1 0 0 0 1 60483.dat
1 16 -60 147 -120 1 0 0 0 1 0 0 0 1 42053 - technicflexSysHose-1.mpd
1 0 -60 220 -100 1 0 0 0 0.97 0.242 0 -0.242 0.97 6536.dat
1 15 40 236.987 -114.541 1 0 0 0 -0.242 0.97 0 -0.97 -0.242 3024.dat
1 15 -60 236.987 -114.541 1 0 0 0 -0.242 0.97 0 -0.97 -0.242 3024.dat
1 15 0 224.865 -121.825 0 1 0 -0.97 0 0.242 0.242 0 0.97 32002.dat
1 15 -20 224.865 -121.825 0 1 0 -0.97 0 0.242 0.242 0 0.97 32002.dat
1 7 -10 220.013 -120.616 0 0 -1 -0.242 -0.97 0 -0.97 0.242 0 32063.dat
1 0 -100 220 -60 0 -1 0 0.259 0 0.966 -0.966 0 0.259 32014.dat
1 15 -100 181.363 -70.353 0 0 -1 0.966 0.259 0 0.259 -0.966 0 11214.dat
1 0 -95.93 169.34 -64.118 0 -0.407 0.913 -0.966 0.236 0.105 -0.259 -0.882 -0.393 2817.dat
1 0 -92.675 167.448 -57.059 0 -0.407 0.913 -0.966 0.236 0.105 -0.259 -0.882 -0.393 3068b.dat