0 42054 - seat
0 Name: 42054 - seat.mpd
0 Author: QK Lego Builder
0 !LDRAW_ORG Unofficial_Model

1 15 0 2.044 15.529 0 -1 0 -0.259 0 0.966 -0.966 0 -0.259 32140.dat
1 0 -20 60 0 1 0 0 0 1 0 0 0 1 15100.dat
1 15 20 40.681 5.176 1 0 0 0 -0.259 0.966 0 -0.966 -0.259 11214.dat
1 15 20 40.681 5.176 0 -1 0 -0.259 0 0.966 -0.966 0 -0.259 18654.dat
1 15 20 54.824 -19.319 1 0 0 0 -0.259 0.966 0 -0.966 -0.259 11214.dat
1 0 20 54.824 -19.319 1 0 0 0 -0.259 0.966 0 -0.966 -0.259 32557.dat
1 15 10 39.988 -36.049 0 0 1 -0.966 -0.259 0 0.259 -0.966 0 4274.dat
1 15 30 39.988 -36.049 0 0 1 -0.966 -0.259 0 0.259 -0.966 0 4274.dat
1 15 20 2.044 15.529 1 0 0 0 0.966 0.259 0 -0.259 0.966 4519.dat
1 15 20 21.363 10.353 1 0 0 0 -0.259 0.966 0 -0.966 -0.259 11214.dat
1 0 20 2.044 15.529 1 0 0 0 -0.966 -0.259 0 0.259 -0.966 32557.dat
1 15 40 2.044 15.529 0 -1 0 -0.259 0 0.966 -0.966 0 -0.259 32140.dat
1 0 60 60 0 -1 0 0 0 1 0 0 0 -1 15100.dat
1 15 20 80 0 0 0 -1 0 -1 0 -1 0 0 32524.dat
1 0 60 70 0 0 0 -1 -1 0 0 0 1 0 2780.dat
1 0 -20 70 0 0 0 -1 -1 0 0 0 1 0 2780.dat