0 42053 - arm
0 Name: 42053 - arm.mpd
0 Author: QK Lego Builder
0 !LDRAW_ORG Unofficial_Model

1 0 0 0 0 0 0 1 0 1 0 -1 0 0 2730.dat
1 0 0 24 -80 0 0 1 0 1 0 -1 0 0 3666.dat
1 0 0 24 40 0 0 1 0 1 0 -1 0 0 3666.dat
1 0 0 0 -140 0 0 1 0 1 0 -1 0 0 2743.dat
1 1 20 10 -140 1 0 0 0 1 0 0 0 1 6558.dat
1 1 20 10 -120 1 0 0 0 1 0 0 0 1 6558.dat
1 1 20 10 -80 1 0 0 0 1 0 0 0 1 6558.dat
1 1 20 10 -20 1 0 0 0 1 0 0 0 1 6558.dat
1 1 20 10 0 1 0 0 0 0.979 -0.206 0 0.206 0.979 6558.dat
1 1 20 10 80 1 0 0 0 0.994 0.11 0 -0.11 0.994 6558.dat
1 1 -10 10 -60 -1 0 0 0 -1 0 0 0 1 4274.dat
1 1 -10 10 20 -1 0 0 0 -1 0 0 0 1 4274.dat
1 0 0 -8 -110 0 0 -1 0 1 0 1 0 0 3623.dat
1 15 20 10 -120 0 -1 0 1 0 0 0 0 1 32525.dat
1 0 20 -21.225 55 0 1 0 -0.625 0 0.781 0.781 0 0.625 32271.dat
1 1 20 56.837 117.5 1 0 0 0 0.994 0.11 0 -0.11 0.994 6558.dat
1 1 20 72.45 130 1 0 0 0 0.994 0.11 0 -0.11 0.994 6558.dat
1 0 0 144.262 200.306 0 0 1 -0.781 0.625 0 -0.625 -0.781 0 32018.dat
1 1 20 119.287 167.5 1 0 0 0 0.994 0.11 0 -0.11 0.994 6558.dat
1 15 20 181.737 217.5 1 0 0 0 0.994 0.11 0 -0.11 0.994 32556.dat
1 15 20 169.237 233.113 1 0 0 0 -0.625 -0.781 0 0.781 -0.625 32557.dat
1 15 20 64.644 83.75 0 -1 0 0.838 0 0.546 -0.546 0 0.838 32525.dat
1 1 20 42.786 50.25 1 0 0 0 0.994 0.11 0 -0.11 0.994 6558.dat
1 1 20 64.644 83.75 1 0 0 0 0.994 0.11 0 -0.11 0.994 6558.dat
1 0 0 75.572 100.5 0 1 0 0.838 0 -0.546 -0.546 0 -0.838 32140.dat
1 0 40 0 0 0 0 1 0 1 0 -1 0 0 2730.dat
1 0 40 24 40 0 0 1 0 1 0 -1 0 0 3666.dat
1 0 40 24 -80 0 0 1 0 1 0 -1 0 0 3666.dat
1 0 40 0 -140 0 0 1 0 1 0 -1 0 0 2743.dat
1 0 40 -8 -110 0 0 -1 0 1 0 1 0 0 3623.dat
1 1 50 10 20 1 0 0 0 0.403 0.915 0 -0.915 0.403 4274.dat
1 1 50 10 -60 1 0 0 0 0.403 0.915 0 -0.915 0.403 4274.dat
1 0 40 144.262 200.306 0 0 1 -0.781 0.625 0 -0.625 -0.781 0 32018.dat
1 0 40 96.812 131.571 0 0 1 -0.781 0.625 0 -0.625 -0.781 0 3666.dat
1 0 0 96.812 131.571 0 0 1 -0.781 0.625 0 -0.625 -0.781 0 3666.dat
1 1 20 59.536 39.321 1 0 0 0 0.964 0.266 0 -0.266 0.964 6558.dat
1 0 40 75.572 100.5 0 1 0 0.838 0 -0.546 -0.546 0 -0.838 32140.dat
1 0 -10 212.962 242.5 -1 0 0 0 0.625 -0.781 0 -0.781 -0.625 2780.dat
1 0 -10 228.575 255 -1 0 0 0 0.625 -0.781 0 -0.781 -0.625 2780.dat
1 15 -20 228.575 255 0 1 0 0.625 0 -0.781 -0.781 0 -0.625 32523.dat
1 0 -18 10 -30 0 1 0 0 0 -1 -1 0 0 6636.dat
1 0 58 10 -30 0 -1 0 0 0 1 -1 0 0 6636.dat
1 0 20 -8 -60 -1 0 0 0 1 0 0 0 -1 3021.dat
1 0 40 -16 -100 -1 0 0 0 1 0 0 0 -1 85970.dat
1 0 0 -16 -100 -1 0 0 0 1 0 0 0 -1 85970.dat
1 0 20 -24 -90 -1 0 0 0 1 0 0 0 -1 63864.dat
1 4 20 -21.225 55 1 0 0 0 0.625 0.781 0 -0.781 0.625 32062.dat
1 15 20 -33.725 70.612 1 0 0 0 0.625 0.781 0 -0.781 0.625 92907.dat
1 0 20 -41.531 64.362 0 0.781 0.625 -0.781 0.391 -0.488 -0.625 -0.488 0.609 2780.dat
1 15 20 -49.337 58.112 0 0 1 0.625 0.781 0 -0.781 0.625 0 32523.dat
1 4 20 -36.837 42.5 1 0 0 0 0.625 0.781 0 -0.781 0.625 32062.dat
1 0 20 29.975 119.051 -1 0 0 0 0.625 -0.781 0 -0.781 -0.625 3021.dat
1 0 40 92.425 169.051 0 0 1 -0.781 0.625 0 -0.625 -0.781 0 3666.dat
1 0 0 92.425 169.051 0 0 1 -0.781 0.625 0 -0.625 -0.781 0 3666.dat
1 0 0 48.394 144.046 0 0 1 -0.781 0.625 0 -0.625 -0.781 0 3623.dat
1 0 40 48.394 144.046 0 0 1 -0.781 0.625 0 -0.625 -0.781 0 3623.dat
1 0 40 87.425 175.296 -1 0 0 0 0.625 -0.781 0 -0.781 -0.625 85970.dat
1 0 0 87.425 175.296 -1 0 0 0 0.625 -0.781 0 -0.781 -0.625 85970.dat
1 0 20 17.169 119.046 -1 0 0 0 0.625 -0.781 0 -0.781 -0.625 63864.dat
1 0 0 74.619 175.291 0 0 1 -0.781 0.625 0 -0.625 -0.781 0 63864.dat
1 0 40 74.619 175.291 0 0 1 -0.781 0.625 0 -0.625 -0.781 0 63864.dat
1 0 20 43.394 150.291 -1 0 0 0 0.625 -0.781 0 -0.781 -0.625 63864.dat