0 42054 - cabinside2
0 Name: 42054 - cabinside2.mpd
0 Author: QK Lego Builder
0 !LDRAW_ORG Unofficial_Model

1 0 0 0 0 0 -1 0 1 0 0 0 0 1 40490.dat
1 15 -10 0 -60 -1 0 0 0 1 0 0 0 -1 4274.dat
1 15 -10 0 40 -1 0 0 0 1 0 0 0 -1 4274.dat
1 0 10 0 80 1 0 0 0 1 0 0 0 1 2780.dat
1 0 10 0 60 1 0 0 0 1 0 0 0 1 2780.dat
1 15 20 -40 80 0 -1 0 0 0 1 -1 0 0 60484.dat
1 0 10 -20 80 1 0 0 0 1 0 0 0 1 2780.dat
1 0 10 -40 80 1 0 0 0 1 0 0 0 1 2780.dat
1 0 10 0 -20 1 0 0 0 1 0 0 0 1 2780.dat
1 0 10 0 0 1 0 0 0 1 0 0 0 1 2780.dat
1 15 20 0 0 0 0 -1 1 0 0 0 -1 0 42003.dat
1 1 20 -10 20 0 0 1 1 0 0 0 1 0 43093.dat
1 0 -18 0 -10 0 1 0 0 0 1 1 0 0 4162.dat
1 15 20 0 -80 1 0 0 0 -1 0 0 0 -1 32556.dat
1 0 20 0 -80 0 1 0 0.225 0 -0.974 -0.974 0 -0.225 15100.dat
1 0 20 4.505 -99.486 0 1 0 -0.225 0 0.974 0.974 0 0.225 10197.dat
1 0 0 -14.981 -103.991 -1 0 0 0 0.225 -0.974 0 -0.974 -0.225 32039.dat