0 42053 - seat
0 Name: 42053 - seat.mpd
0 Author: QK Lego Builder
0 !LDRAW_ORG Unofficial_Model

1 0 0 -58.911 -48.621 0 1 0 -0.19 0 -0.982 -0.982 0 0.19 32140.dat
1 15 0 -58.911 -48.621 1 0 0 0 0.19 -0.982 0 0.982 0.19 4519.dat
1 0 -15 -19.637 -56.207 0 -1 0 0.19 0 -0.982 0.982 0 0.19 6632.dat
1 4 0 -19.637 -56.207 -1 0 0 0 -0.19 -0.982 0 -0.982 0.19 3705.dat
1 15 0 -19.637 -56.207 0 1 0 0.19 0 0.982 0.982 0 -0.19 60483.dat
1 0 15 -19.637 -56.207 0 -1 0 0.19 0 -0.982 0.982 0 0.19 6632.dat
1 1 -20 -39.274 -52.414 -1 0 0 0 0.19 0.982 0 0.982 -0.19 43093.dat
1 1 20 -39.274 -52.414 1 0 0 0 -0.19 0.982 0 -0.982 -0.19 43093.dat
1 15 0 0 -60 1 0 0 0 -1 0 0 0 -1 4519.dat
1 0 -20 0 -60 0 -1 0 -1 0 0 0 0 -1 32140.dat
1 1 0 0 -100 1 0 0 0 -1 0 0 0 -1 6558.dat
1 1 0 0 -120 1 0 0 0 -1 0 0 0 -1 6558.dat
1 1 0 -20 -120 1 0 0 0 -0.999 0.052 0 -0.052 -0.999 6558.dat
1 0 0 0 -100 0 0 -1 1 0 0 0 -1 0 42003.dat
1 0 0 -103.031 -64.269 -1 0 0 0 0.052 -0.999 0 -0.999 -0.052 24116.dat
1 0 20 0 -60 0 -1 0 -1 0 0 0 0 -1 32140.dat
1 4 1 -103.031 -64.269 1 0 0 0 -0.929 -0.369 0 0.369 -0.929 32062.dat
1 15 -14 -121.615 -56.879 0 -1 0 -0.369 0 0.929 -0.929 0 -0.369 41677.dat
1 4 1 -121.615 -56.879 1 0 0 0 -0.929 -0.369 0 0.369 -0.929 32062.dat
1 15 16 -121.615 -56.879 0 -1 0 -0.369 0 0.929 -0.929 0 -0.369 41677.dat
1 0 25 -19.637 -56.207 0 -1 0 0.19 0 -0.982 0.982 0 0.19 6632.dat
1 0 -25 -19.637 -56.207 0 -1 0 0.19 0 -0.982 0.982 0 0.19 6632.dat
1 0 35 -39.274 -52.414 0 -1 0 -0.982 0 -0.19 0.19 0 -0.982 6632.dat
1 0 -35 -39.274 -52.414 0 -1 0 -0.982 0 -0.19 0.19 0 -0.982 6632.dat
1 15 35 -19.637 -56.207 0 -1 0 -0.982 0 -0.19 0.19 0 -0.982 41677.dat
1 15 -35 -19.637 -56.207 0 -1 0 -0.982 0 -0.19 0.19 0 -0.982 41677.dat