0 42054 - steeringwheel
0 Name: 42054 - steeringwheel.mpd
0 Author: QK Lego Builder
0 !LDRAW_ORG Unofficial_Model

1 15 11.716 -28.284 0 0.707 -0.707 0 -0.707 -0.707 0 0 0 -1 32140.dat
1 0 18.787 -21.213 -40 0.707 0.707 0 0.707 -0.707 0 0 0 -1 2780.dat
1 1 18.787 -21.213 0 -0.707 -0.707 0 -0.707 0.707 0 0 0 -1 43093.dat
1 15 25.858 -14.142 -20 0.707 -0.707 0 -0.707 -0.707 0 0 0 -1 32316.dat
1 0 18.787 -21.213 20 0.707 0.707 0 0.707 -0.707 0 0 0 -1 2780.dat
1 0 40 0 -60 0 -0.707 0.707 0 0.707 0.707 -1 0 0 10197.dat
1 0 40 0 -20 -0.707 0 0.707 -0.707 0 -0.707 0 -1 0 15100.dat
1 0 40 0 -50 0 0.707 -0.707 0 -0.707 -0.707 -1 0 0 2780.dat
1 15 60 0 -40 0 0 -1 -1 0 0 0 1 0 60483.dat
1 7 60 0 -20 0 1 0 0 0 1 1 0 0 32073.dat
1 0 60 0 -60 1 0 0 0 1 0 0 0 1 32039.dat
1 0 40 0 -10 0 0.707 -0.707 0 -0.707 -0.707 -1 0 0 2780.dat
1 15 60 0 0 0 0 -1 -1 0 0 0 1 0 60483.dat
1 15 60 0 -20 0 0 -1 -1 0 0 0 1 0 18654.dat
1 0 60 0 20 -1 0 0 0 1 0 0 0 -1 32039.dat
1 15 4.645 -35.355 -60 -0.707 -0.707 0 -0.707 0.707 0 0 0 -1 4274.dat
1 15 18.787 -49.497 -60 -0.707 -0.707 0 -0.707 0.707 0 0 0 -1 4274.dat
1 1 4.645 -35.355 -20 -0.707 -0.707 0 -0.707 0.707 0 0 0 -1 43093.dat
1 15 13.13 -55.154 -60 -0.707 0.707 0 0.707 0.707 0 0 0 -1 98138.dat
1 15 -1.012 -41.012 -60 -0.707 0.707 0 0.707 0.707 0 0 0 -1 98138.dat
1 15 -12.326 -52.326 -20 -0.707 0.707 0 0.707 0.707 0 0 0 -1 2819.dat
1 0 11.716 -28.284 20 0.183 0.707 -0.683 -0.183 0.707 0.683 0.966 0 0.259 15100.dat
1 0 9.959 -51.022 36.73 0.945 0.271 0.183 -0.238 0.954 -0.183 -0.224 0.129 0.966 6536.dat
1 1 0.508 -48.643 38.972 0.945 0.271 0.183 -0.238 0.954 -0.183 -0.224 0.129 0.966 43093.dat
1 0 -21.102 -53.422 42.161 0.945 0.271 0.183 -0.238 0.954 -0.183 -0.224 0.129 0.966 10247.dat
1 0 -23.269 -61.053 41.125 0.945 0.271 0.183 -0.238 0.954 -0.183 -0.224 0.129 0.966 3068b.dat