0 42054 - bonnet
0 Name: 42054 - bonnet.mpd
0 Author: QK Lego Builder
0 !LDRAW_ORG Unofficial_Model

1 15 0 0 0 0 -1 0 1 0 0 0 0 1 32524.dat
1 0 -10 0 -40 -1 0 0 0 -1 0 0 0 1 2780.dat
1 0 -10 0 60 -1 0 0 0 -1 0 0 0 1 2780.dat
1 1 20 0 40 1 0 0 0 1 0 0 0 1 6558.dat
1 1 20 0 -60 1 0 0 0 1 0 0 0 1 6558.dat
1 1 20 0 -20 1 0 0 0 1 0 0 0 1 6558.dat
1 1 20 0 0 1 0 0 0 1 0 0 0 1 6558.dat
1 15 20 0 20 1 0 0 0 1 0 0 0 1 32556.dat
1 15 20 -20 40 0 0 1 0 1 0 -1 0 0 6536.dat
1 4 20 -20 50 0 0 1 0 1 0 -1 0 0 32062.dat
1 15 20 -20 60 0 0 1 0 1 0 -1 0 0 6536.dat
1 1 40 0 60 1 0 0 0 1 0 0 0 1 6558.dat
1 0 20 0 20 0 1 0 -1 0 0 0 0 1 15100.dat
1 15 20 -20 20 0 -0.191 0.982 1 0 0 0 0.982 0.191 32016.dat
1 15 20 -20 0 0 0 1 0 1 0 -1 0 0 6536.dat
1 15 20 0 -80 0 1 0 -1 0 0 0 0 1 32140.dat
1 1 20 -20 -20 1 0 0 0 1 0 0 0 1 6558.dat
1 15 0 -20 -20 0 -1 0 1 0 0 0 0 1 18654.dat
1 15 40 -20 -20 0 -1 0 1 0 0 0 0 1 18654.dat
1 15 40 0 0 0 -1 0 1 0 0 0 0 1 32524.dat
1 0 50 0 -40 -1 0 0 0 -1 0 0 0 1 2780.dat
1 15 -20 0 40 0 -1 0 1 0 0 0 0 1 41239.dat
1 0 -30 0 40 -1 0 0 0 -1 0 0 0 1 2780.dat
1 0 -10 0 160 -1 0 0 0 -1 0 0 0 1 2780.dat
1 1 -10 0 120 1 0 0 0 1 0 0 0 1 43093.dat
1 15 0 0 120 0 1 0 -1 0 0 0 0 1 32140.dat
1 1 -10 0 80 1 0 0 0 1 0 0 0 1 43093.dat
1 1 -10 0 100 1 0 0 0 1 0 0 0 1 43093.dat
1 0 20 0 80 0 0 1 0 -1 0 1 0 0 32034.dat
1 0 20 0 100 0 0 1 0 -1 0 1 0 0 32034.dat
1 1 20 0 100 0 0 1 0 1 0 -1 0 0 6558.dat
1 0 20 -10 120 -1 0 0 0 0 -1 0 -1 0 43857.dat
1 1 50 0 80 -1 0 0 0 -1 0 0 0 1 43093.dat
1 1 50 0 100 -1 0 0 0 -1 0 0 0 1 43093.dat
1 1 20 0 140 1 0 0 0 1 0 0 0 1 6558.dat
1 15 20 0 160 0 0 1 -1 0 0 0 -1 0 6536.dat
1 1 20 -20 130 0 -1 0 0 0 -1 1 0 0 43093.dat
1 0 20 -20 140 0 1 0 1 0 0 0 0 -1 32039.dat
1 15 40 0 120 0 1 0 -1 0 0 0 0 1 32140.dat
1 0 50 0 160 -1 0 0 0 -1 0 0 0 1 2780.dat
1 1 50 0 120 -1 0 0 0 -1 0 0 0 1 43093.dat
1 15 60 0 40 0 -1 0 1 0 0 0 0 1 41239.dat
1 0 70 0 40 -1 0 0 0 -1 0 0 0 1 2780.dat
1 16 21 -100 260 1 0 0 0 -1 0 0 0 -1 42054 - bonnet2.mpd
1 15 80 0 120 0 -1 0 -1 0 0 0 0 -1 64393.dat
1 15 -40 0 120 0 1 0 1 0 0 0 0 -1 64681.dat
1 0 80 0 130 0 -1 0 0 0 -1 1 0 0 2780.dat
1 0 120 -20 130 0 -1 0 0 0 -1 1 0 0 2780.dat
1 0 -40 0 130 0 -1 0 0 0 -1 1 0 0 2780.dat
1 0 -80 -20 130 0 -1 0 0 0 -1 1 0 0 2780.dat
1 15 81 0 140 0 -1 0 1 0 0 0 0 1 87080.dat
1 15 -40 0 140 0 1 0 -1 0 0 0 0 1 87086.dat
1 0 120 -30 100 0 1 0 -1 0 0 0 0 1 2780.dat
1 0 121 -30 160 0 1 0 -1 0 0 0 0 1 2780.dat
1 0 -80 -30 100 0 1 0 -1 0 0 0 0 1 2780.dat
1 0 -80 -30 160 0 1 0 -1 0 0 0 0 1 2780.dat
1 15 -80 -40 80 1 0 0 0 1 0 0 0 1 32271.dat
1 15 121 -40 80 -1 0 0 0 -1 0 0 0 1 32271.dat
1 4 -48 -30 224 0 -0.6 -0.8 -1 0 0 0 0.8 -0.6 32062.dat
1 4 89 -30 224 0 -0.8 -0.6 -1 0 0 0 0.6 -0.8 32062.dat
1 15 89 -20 224 0 0.8 -0.6 1 0 0 0 -0.6 -0.8 6536.dat
1 15 -48 -20 224 0 -0.8 0.6 -1 0 0 0 -0.6 -0.8 6536.dat
1 0 -80 -50 140 0 1 0 -1 0 0 0 0 1 2780.dat
1 0 -80 -50 120 0 1 0 -1 0 0 0 0 1 2780.dat
1 0 -80 -60 180 -1 0 0 0 1 0 0 0 -1 11947.dat
1 1 -80 -60 190 0 0 1 0 1 0 -1 0 0 43093.dat
1 0 -80 -80 200 1 0 0 0 0 -1 0 1 0 32523.dat
1 0 -80 -100 210 0 1 0 0 0 1 1 0 0 2780.dat
1 0 -80 -80 210 0 1 0 0 0 1 1 0 0 2780.dat
1 0 -80 -140 220 1 0 0 0 0 1 0 -1 0 87086.dat
1 0 -60 -160 260 0 1 0 1 0 0 0 0 -1 15100.dat
1 0 -60 -150 220 0 1 0 -1 0 0 0 0 1 2780.dat
1 0 121 -50 140 0 -1 0 1 0 0 0 0 1 2780.dat
1 0 121 -50 120 0 -1 0 1 0 0 0 0 1 2780.dat
1 0 121 -60 180 -1 0 0 0 1 0 0 0 -1 11946.dat
1 1 121 -60 190 0 0 1 0 1 0 -1 0 0 43093.dat
1 0 121 -80 200 1 0 0 0 0 -1 0 1 0 32523.dat
1 0 121 -100 210 0 -1 0 0 0 1 -1 0 0 2780.dat
1 0 121 -80 210 0 -1 0 0 0 1 -1 0 0 2780.dat
1 0 121 -140 220 1 0 0 0 0 1 0 -1 0 87080.dat
1 0 101 -160 260 0 -1 0 1 0 0 0 0 1 15100.dat
1 0 101 -150 220 0 -1 0 1 0 0 0 0 1 2780.dat
1 15 81 -160 260 1 0 0 0 1 0 0 0 1 6587.dat
1 15 -40 -160 260 -1 0 0 0 -1 0 0 0 1 6587.dat
1 15 111 -160 230 0 -1 0 0 0 1 -1 0 0 18677.dat
1 15 -70 -160 230 0 1 0 0 0 -1 -1 0 0 18677.dat
1 15 119 -160 220 0 -1 0 0 0 1 -1 0 0 6141.dat
1 15 -78 -160 220 0 1 0 0 0 -1 -1 0 0 6141.dat
1 15 111 -160 230 0 -1 0 -1 0 0 0 0 -1 11477.dat
1 15 -70 -160 230 0 1 0 1 0 0 0 0 -1 11477.dat
1 4 -9.449 -20 14.276 -0.982 0 0.191 0 1 0 -0.191 0 -0.982 32062.dat
1 4 49.398 -20 14.019 -0.98 0 -0.199 0 1 0 0.199 0 -0.98 32062.dat
1 15 -38.898 -20 8.551 -0.191 0 -0.982 0 1 0 0.982 0 -0.191 32192.dat
1 15 78.795 -20 8.038 -0.199 0 0.98 0 1 0 -0.98 0 -0.199 32192.dat
1 0 76.802 -20 -1.761 0.199 -0.98 0 0 0 -1 0.98 0.199 0 2780.dat
1 0 -36.99 -20 -1.265 -0.191 -0.982 0 0 0 -1 0.982 -0.191 0 2780.dat
1 0 55.21 -20 -7.573 0 0.98 -0.199 1 0 0 0 -0.199 -0.98 6536.dat
1 0 -15.449 -20 -7.265 0 -0.982 -0.191 1 0 0 0 -0.191 0.982 6536.dat
1 4 -59.721 -41.213 4.504 0.694 0.694 0.191 0.707 -0.707 0 0.135 0.135 -0.982 32062.dat
1 4 99.583 -41.213 3.809 -0.693 -0.693 0.199 0.707 -0.707 0 0.141 0.141 0.98 32062.dat
1 0 -62.846 -48.284 -16.478 0.694 0.694 0.191 0.707 -0.707 0 0.135 0.135 -0.982 32039.dat
1 0 102.525 -48.284 -17.2 -0.693 0.693 -0.199 0.707 0.707 0 0.141 -0.141 -0.98 32039.dat
1 15 -57.122 -48.284 -45.927 -0.191 0.694 -0.694 0 0.707 0.707 0.982 0.135 -0.135 99008.dat
1 15 96.544 -48.284 -46.597 0.199 0.693 -0.693 0 0.707 0.707 0.98 -0.141 0.141 99008.dat
1 15 -55.214 -48.284 -55.743 -0.694 -0.191 0.694 0.707 0 0.707 -0.135 0.982 0.135 60483.dat
1 15 94.55 -48.284 -56.397 0.693 -0.199 -0.693 0.707 0 0.707 -0.141 -0.98 0.141 60483.dat
1 0 -39.423 -34.142 -62.861 -0.191 -0.982 0 0 0 -1 0.982 -0.191 0 2780.dat
1 0 78.698 -34.142 -63.376 0.199 -0.98 0 0 0 -1 0.98 0.199 0 2780.dat
1 15 -51.398 -20 -75.376 0.694 0.694 -0.191 -0.707 0.707 0 0.135 0.135 0.982 64391.dat
1 15 90.563 -20 -75.995 0.693 -0.693 0.199 0.707 0.707 0 -0.141 0.141 0.98 64683.dat
1 15 20 0 160 0 0 -1 1 0 0 0 -1 0 4519.dat
1 15 20 20 160 1 0 0 0 -1 0 0 0 -1 41669.dat
1 15 -59 -60 250 0 0 1 0 -1 0 1 0 0 4274.dat
1 15 -70 -20 220 -0.6 0 0.8 0 -1 0 0.8 0 0.6 4274.dat
1 15 101 -60 250 0 0 1 0 -1 0 1 0 0 4274.dat
1 15 111 -20 220 0.6 0 0.8 0 -1 0 0.8 0 -0.6 4274.dat
1 15 -59 -60 258 0.6 0 0.8 -0.8 0 0.6 0 -1 0 98138.dat
1 15 101 -60 258 0.6 0 0.8 -0.8 0 0.6 0 -1 0 98138.dat
1 15 115.8 -20 226.4 0.48 -0.6 0.64 -0.8 0 0.6 -0.36 -0.8 -0.48 98138.dat
1 15 -74.8 -20 226.4 0.48 0.6 0.64 -0.8 0 0.6 0.36 -0.8 0.48 98138.dat