0 42053 - grabber
0 Name: 42053 - grabber.mpd
0 Author: QK Lego Builder
0 !LDRAW_ORG Unofficial_Model

1 15 0 329.412 -190.715 1 0 0 0 0.438 -0.899 0 0.899 0.438 44294.dat
1 15 -20 329.412 -190.715 0 1 0 0.899 0 -0.438 -0.438 0 -0.899 60483.dat
1 15 0 320.645 -208.691 1 0 0 0 -0.137 0.991 0 -0.991 -0.137 32556.dat
1 15 20 329.412 -190.715 0 1 0 0.899 0 -0.438 -0.438 0 -0.899 60483.dat
1 15 0 309.154 -291.885 -1 0 0 0 -0.461 0.887 0 0.887 0.461 32556.dat
1 15 0 347.388 -199.482 1 0 0 0 -0.382 0.924 0 -0.924 -0.382 4519.dat
1 7 15 328.271 -245.683 0 1 0 0.924 0 -0.382 -0.382 0 -0.924 32063.dat
1 15 25 347.388 -199.482 0 1 0 0.924 0 -0.382 -0.382 0 -0.924 41677.dat
1 15 0 339.741 -217.963 1 0 0 0 -0.382 0.924 0 -0.924 -0.382 4519.dat
1 15 -25 347.388 -199.482 0 1 0 0.924 0 -0.382 -0.382 0 -0.924 41677.dat
1 7 -15 328.271 -245.683 0 1 0 0.924 0 -0.382 -0.382 0 -0.924 32063.dat
1 0 0 318.47 -224.497 1 0 0 0 -0.137 0.991 0 -0.991 -0.137 2941.dat
1 0 0 320.645 -208.691 1 0 0 0 -0.137 0.991 0 -0.991 -0.137 2944.dat
1 4 0.004 339.741 -217.963 0 0 -1 0.924 -0.382 0 -0.381 -0.925 0 3713.dat
1 0 25 317.388 -310.111 0 -1 0 0.911 0 -0.412 0.412 0 0.911 6632.dat
1 15 0 317.388 -310.111 1 0 0 0 -0.412 -0.911 0 0.911 -0.412 44294.dat
1 7 15 317.388 -310.111 0 0 -1 0.911 0.412 0 0.412 -0.911 0 32123a.dat
1 7 -15 317.388 -310.111 0 0 -1 0.911 0.412 0 0.412 -0.911 0 32123a.dat
1 0 -25 317.388 -310.111 0 -1 0 0.911 0 -0.412 0.412 0 0.911 6632.dat
1 0 -45 323.4 -250.413 0 1 0 0.995 0 -0.1 -0.1 0 -0.995 32065.dat
1 1 -30 321.396 -270.312 1 0 0 0 -0.899 -0.438 0 0.438 -0.899 4274.dat
1 15 -35 325.404 -230.514 0 1 0 0.995 0 -0.1 -0.1 0 -0.995 32017.dat
1 0 -35 268.694 -275.055 0 1 0 0.584 0 0.812 0.812 0 -0.584 32065.dat
1 15 -55 317.388 -310.111 0 0 1 -0.412 -0.911 0 0.911 -0.412 0 32123a.dat
1 0 -55 274.706 -215.357 0 1 0 0.411 0 -0.912 -0.912 0 -0.411 32065.dat
1 15 -65 329.412 -190.715 0 0 1 -0.899 -0.438 0 0.438 -0.899 0 32123a.dat
1 15 0 220 -240 1 0 0 0 0 -1 0 1 0 44294.dat
1 15 -65 220 -240 0 0 1 -1 0 0 0 -1 0 32123a.dat
1 15 -45 220 -240 0 0 1 -1 0 0 0 -1 0 32123a.dat
1 16 0 0 0 1 0 0 0 0.8 -0.6 0 0.6 0.8 42053 - grabberarm.mpd
1 0 20 108 -144 0 1 0 0.8 0 0.6 0.6 0 -0.8 32271.dat
1 15 0 220 -240 0 1 0 0.8 0 0.6 0.6 0 -0.8 18654.dat
1 1 30 132 -176 1 0 0 0 -0.6 -0.8 0 0.8 -0.6 4274.dat
1 0 35 268.694 -275.055 0 1 0 0.584 0 0.812 0.812 0 -0.584 32065.dat
1 15 45 220 -240 0 0 1 -1 0 0 0 -1 0 32123a.dat
1 0 45 323.4 -250.413 0 1 0 0.995 0 -0.1 -0.1 0 -0.995 32065.dat
1 1 30 321.396 -270.312 -1 0 0 0 0.6 0.8 0 0.8 -0.6 4274.dat
1 15 35 325.404 -230.514 0 1 0 0.995 0 -0.1 -0.1 0 -0.995 32017.dat
1 0 55 274.706 -215.357 0 1 0 0.411 0 -0.912 -0.912 0 -0.411 32065.dat
1 15 65 220 -240 0 0 1 -1 0 0 0 -1 0 32123a.dat
1 15 65 329.412 -190.715 0 0 1 -0.899 -0.438 0 0.438 -0.899 0 32123a.dat
1 0 38 102 -136 0 -1 0 -0.6 0 -0.8 0.8 0 -0.6 6636.dat
1 0 -38 102 -136 0 1 0 0.6 0 -0.8 -0.8 0 -0.6 6636.dat
1 15 55 317.388 -310.111 0 0 1 -0.412 -0.911 0 0.911 -0.412 0 32123a.dat