0 42054 - cranearm
0 Name: 42054 - cranearm.mpd
0 Author: QK Lego Builder
0 !LDRAW_ORG Unofficial_Model

1 4 0 0 0 0 1 0 0 0 1 1 0 0 32140.dat
1 15 -40 0 0 -1 0 0 0 0 1 0 1 0 32073.dat
1 1 0 20 0 1 0 0 0 0 1 0 -1 0 6558.dat
1 1 0 60 0 1 0 0 0 0 1 0 -1 0 6558.dat
1 15 -20 -60 0 0 1 0 0 0 1 1 0 0 41239.dat
1 15 -40 -180 0 -1 0 0 0 0.985 0.174 0 0.174 -0.985 32556.dat
1 15 -40 0 0 0 0 -1 -1 0 0 0 1 0 3713.dat
1 1 -40 -120 0 1 0 0 0 0 1 0 -1 0 6558.dat
1 15 -40 -140 0 0 -1 0 0 0 1 -1 0 0 60483.dat
1 15 -60 -60 0 0 1 0 0 0 1 1 0 0 41239.dat
1 15 -70 -20 0 -1 0 0 0 0 1 0 1 0 3673.dat
1 15 -10 -20 0 -1 0 0 0 -0.404 0.915 0 0.915 0.404 3673.dat
1 15 0 -52.298 73.191 0 1 0 0.915 0 0.404 0.404 0 -0.915 40490.dat
1 7 -40 -140 0 1 0 0 0 0 -1 0 1 0 44294.dat
1 15 -80 -140 0 0 0 1 -1 0 0 0 -1 0 3713.dat
1 15 0 -140 0 0 0 -1 -1 0 0 0 1 0 3713.dat
1 15 -40 -200.823 118.18 0 1 0 0.985 0 0.174 0.174 0 -0.985 41239.dat
1 15 -10 60 20 -1 0 0 0 0.511 0.86 0 0.86 -0.511 32002.dat
1 15 -40 60 20 1 0 0 0 0.511 -0.86 0 0.86 0.511 92693c01.dat
1 15 -40 34.206 35.319 1 0 0 0 0.511 -0.86 0 0.86 0.511 92695.dat
1 15 -40 -60.372 91.488 1 0 0 0 0.511 -0.86 0 0.86 0.511 92696.dat
1 15 -40 -60.372 91.488 1 0 0 0 0.511 -0.86 0 0.86 0.511 32073.dat
1 15 -40 60 20 -1 0 0 0 0 1 0 1 0 62520.dat
1 15 -40 60 20 0 1 0 -0.511 0 -0.86 -0.86 0 0.511 62520.dat
1 15 -40 60 20 -1 0 0 0 0.511 0.86 0 0.86 -0.511 62519.dat
1 15 -20 -60.372 91.488 0 0 -1 -0.86 0.511 0 0.511 0.86 0 3713.dat
1 15 -60 -60.372 91.488 0 0 1 -0.511 0.86 0 -0.86 -0.511 0 3713.dat
1 15 -70 60 20 1 0 0 0 0.511 0.86 0 -0.86 0.511 32002.dat
1 15 -40 -204.294 137.876 -1 0 0 0 0.985 0.174 0 0.174 -0.985 32556.dat
1 15 -30 -211.235 177.269 1 0 0 0 -0.985 0.174 0 -0.174 -0.985 4274.dat
1 15 -10 -84.595 146.381 1 0 0 0 0.57 0.821 0 -0.821 0.57 3673.dat
1 4 -20 -144.444 142.129 0 1 0 -0.071 0 0.997 0.997 0 0.071 32524.dat
1 1 -40 -104.545 144.964 -1 0 0 0 0 1 0 1 0 6558.dat
1 15 -40 -104.545 144.964 0 -1 0 0 0 1 -1 0 0 18654.dat
1 15 -10 -124.495 143.546 1 0 0 0 0.57 0.821 0 -0.821 0.57 3673.dat
1 4 -60 -144.444 142.129 0 1 0 -0.071 0 0.997 0.997 0 0.071 32524.dat
1 15 -70 -124.495 143.546 1 0 0 0 0.302 0.953 0 -0.953 0.302 3673.dat
1 15 -70 -84.595 146.381 1 0 0 0 0.57 0.821 0 -0.821 0.57 3673.dat
1 1 -80 60 0 1 0 0 0 0 1 0 -1 0 6558.dat
1 1 -80 20 0 1 0 0 0 0 1 0 -1 0 6558.dat
1 4 -80 0 0 0 1 0 0 0 1 1 0 0 32140.dat
1 15 -80 -52.298 73.191 0 1 0 0.915 0 0.404 0.404 0 -0.915 40490.dat