0 42053 - frontblade
0 Name: 42053 - frontblade.mpd
0 Author: QK Lego Builder
0 !LDRAW_ORG Unofficial_Model

1 7 0 0 0 1 0 0 0 1 0 0 0 1 60485.dat
1 0 -80 0 0 1 0 0 0 0 1 0 -1 0 63869.dat
1 0 -60 0 40 0 -1 0 1 0 0 0 0 1 32316.dat
1 15 -40 0 0 -1 0 0 0 0 -1 0 -1 0 32034.dat
1 15 -20 0 0 0 1 0 -1 0 0 0 0 1 60483.dat
1 1 0 0 20 -1 0 0 0 -0.997 -0.081 0 -0.081 0.997 6558.dat
1 15 0 0 20 0 1 0 -0.997 0 -0.081 -0.081 0 0.997 22961.dat
1 4 0 0 0 0 0 1 0 1 0 -1 0 0 3713.dat
1 15 20 0 0 0 1 0 -1 0 0 0 0 1 60483.dat
1 15 40 0 0 -1 0 0 0 0 -1 0 -1 0 32034.dat
1 0 60 0 40 0 -1 0 1 0 0 0 0 1 32316.dat
1 0 80 0 0 1 0 0 0 0 1 0 -1 0 63869.dat
1 1 100 0 -20 0 0 1 -1 0 0 0 -1 0 6558.dat
1 1 -100 0 -20 0 0 1 -1 0 0 0 -1 0 6558.dat
1 0 0 20 -20 0 0 1 0 1 0 -1 0 0 32278.dat
1 1 120 0 -20 0 0 1 -1 0 0 0 -1 0 6558.dat
1 1 -120 0 -20 0 0 1 -1 0 0 0 -1 0 6558.dat
1 0 -140 10 -20 0 0 1 -1 0 0 0 -1 0 2780.dat
1 0 140 10 -20 0 0 1 -1 0 0 0 -1 0 2780.dat
1 1 40 0 -20 0 0 1 -1 0 0 0 -1 0 6558.dat
1 1 -40 0 -20 0 0 1 -1 0 0 0 -1 0 6558.dat
1 0 -130 0 -20 0 0 1 0 1 0 -1 0 0 43857.dat
1 0 130 0 -20 0 0 1 0 1 0 -1 0 0 43857.dat
1 0 0 0 -20 0 0 1 0 1 0 -1 0 0 32316.dat
1 0 0 -20 -20 0 0 1 0 1 0 -1 0 0 32278.dat
1 1 -60 -20 -20 0 0 1 1 0 0 0 1 0 6558.dat
1 1 60 -20 -20 0 0 1 1 0 0 0 1 0 6558.dat
1 0 -80 -30 -20 0 0 1 1 0 0 0 1 0 2780.dat
1 0 80 -30 -20 0 0 1 1 0 0 0 1 0 2780.dat
1 15 -140 -30 -20 0 0 1 -1 0 0 0 -1 0 4274.dat
1 15 140 -30 -20 0 0 1 -1 0 0 0 -1 0 4274.dat
1 15 -140 -36 -20 0 0 1 0 1 0 -1 0 0 6141.dat
1 15 140 -38 -20 0 0 1 0 1 0 -1 0 0 6141.dat
1 0 -40 -40 0 -1 0 0 0 -1 0 0 0 1 10197.dat
1 0 40 -40 0 -1 0 0 0 -1 0 0 0 1 10197.dat
1 0 -60 -40 -20 0 -1 0 0 0 -1 1 0 0 42003.dat
1 0 60 -40 -20 0 1 0 0 0 1 1 0 0 42003.dat
1 0 -50 -40 0 1 0 0 0 0 -1 0 1 0 2780.dat
1 0 50 -40 0 1 0 0 0 0 -1 0 1 0 2780.dat
1 15 0 -39.868 16.755 1 0 0 0 -0.081 -0.997 0 0.997 -0.081 32015.dat
1 15 0 -52.127 -21.321 0 1 0 0.306 0 0.952 0.952 0 -0.306 22961.dat
1 0 20 -39.868 16.755 0 -1 0 0.948 0 -0.318 0.318 0 0.948 32140.dat
1 0 -20 -39.868 16.755 0 -1 0 0.948 0 -0.318 0.318 0 0.948 32140.dat
1 1 0 -46.232 35.715 1 0 0 0 -0.948 0.318 0 -0.318 -0.948 6558.dat
1 0 0 -58.96 73.636 1 0 0 0 -0.948 0.318 0 -0.318 -0.948 18651.dat
1 15 0 -58.96 73.636 0 0 -1 0.948 0.318 0 0.318 -0.948 0 3713.dat
1 15 0 -39.868 16.755 1 0 0 0 0.948 -0.318 0 0.318 0.948 4519.dat
1 0 40 40 0 -1 0 0 0 0 1 0 1 0 10197.dat
1 0 -40 40 0 -1 0 0 0 0 1 0 1 0 10197.dat
1 1 -20 40 -20 0 0 1 0 -1 0 1 0 0 43093.dat
1 1 20 40 -20 0 0 1 0 -1 0 1 0 0 43093.dat
1 0 0 40 -30 0 0 1 1 0 0 0 1 0 32278.dat