0 42100 - arm1
0 Name: 42100 - arm1.mpd
0 Author: QK Lego Builder
0 !LDRAW_ORG Unofficial_Model

1 16 40 20 -140 -1 0 0 0 -1 0 0 0 1 42100 - controlPlusMotorL-LQ-2.mpd
1 1 0 40 0 -1 0 0 0 -1 0 0 0 1 6558.dat
1 1 0 40 -140 -1 0 0 0 -1 0 0 0 1 6558.dat
1 1 0 0 -140 -1 0 0 0 -1 0 0 0 1 6558.dat
1 0 0 0 0 -1 0 0 0 -1 0 0 0 1 18651.dat
1 0 0 0 0 1 0 0 0 -1 0 0 0 -1 6553.dat
1 15 0 60 -140 0 1 0 0 0 -1 -1 0 0 32140.dat
1 15 0 40 0 0 1 0 0 0 -1 -1 0 0 18654.dat
1 16 -40 20 -140 -1 0 0 0 -1 0 0 0 1 42100 - controlPlusMotorL-LQ-3.mpd
1 0 -70 0 0 -1 0 0 0 -1 0 0 0 1 2780.dat
1 0 -70 40 0 -1 0 0 0 -1 0 0 0 1 2780.dat
1 0 70 40 0 -1 0 0 0 -1 0 0 0 1 2780.dat
1 0 70 0 0 -1 0 0 0 -1 0 0 0 1 2780.dat
1 7 80 20 0 0 1 0 0 0 -1 -1 0 0 32523.dat
1 1 -80 20 0 0 1 0 0 0 -1 -1 0 0 32523.dat
1 0 40 20 -210 0 1 0 0 0 -1 -1 0 0 3707.dat
1 7 -40 20 -220 0 1 0 0 0 -1 -1 0 0 60485.dat
1 1 0 0 -160 -1 0 0 0 0 -1 0 -1 0 6558.dat
1 16 0 20 -160 -1 0 0 0 1 0 0 0 -1 42100 - armgears.mpd
1 15 -20 0 -180 0 -1 0 1 0 0 0 0 1 74695.dat
1 15 20 0 -180 0 -1 0 1 0 0 0 0 1 74695.dat
1 15 0 40 -180 0 0 1 1 0 0 0 1 0 14720.dat
1 1 20 50 -180 0 0 -1 1 0 0 0 -1 0 43093.dat
1 1 -20 50 -180 0 0 -1 1 0 0 0 -1 0 43093.dat
1 15 20 60 -160 0 0 -1 -1 0 0 0 1 0 42003.dat
1 15 -20 60 -160 0 0 -1 -1 0 0 0 1 0 42003.dat
1 0 0 50 -180 0 0 1 1 0 0 0 1 0 2780.dat
1 7 0 60 -140 -1 0 0 0 0 1 0 1 0 32073.dat
1 4 40 60 -140 0 0 -1 -1 0 0 0 1 0 3713.dat
1 4 -40 60 -140 0 0 1 1 0 0 0 1 0 3713.dat
1 4 -40 20 -200 0.985 -0.174 0 0.174 0.985 0 0 0 1 18946.dat
1 15 0 20 -200 1 0 0 0 1 0 0 0 1 94925.dat
1 4 40 20 -200 0.985 -0.174 0 0.174 0.985 0 0 0 1 18946.dat
1 15 40 60 -210 0 1 0 0 0 -1 -1 0 0 99008.dat
1 15 -40 60 -210 0 1 0 0 0 -1 -1 0 0 99008.dat
1 15 40 60 -200 1 0 0 0 1 0 0 0 1 94925.dat
1 15 -40 60 -200 1 0 0 0 1 0 0 0 1 94925.dat
1 15 0 40 -220 0 0 1 1 0 0 0 1 0 14720.dat
1 0 20 50 -220 0 0 1 1 0 0 0 1 0 2780.dat
1 0 -20 50 -220 0 0 1 1 0 0 0 1 0 2780.dat
1 15 0 60 -180 1 0 0 0 -1 0 0 0 -1 60484.dat
1 15 0 20 -240 0 0 1 1 0 0 0 1 0 40490.dat
1 0 20 20 -230 0 0 1 0 1 0 -1 0 0 2780.dat
1 0 -20 20 -230 0 0 1 0 1 0 -1 0 0 2780.dat
1 15 0 0 -220 1 0 0 0 1 0 0 0 1 63869.dat
1 15 0 0 -220 1 0 0 0 1 0 0 0 1 4519.dat
1 15 20 0 -220 1 0 0 0 0 1 0 -1 0 6536.dat
1 15 -20 0 -220 1 0 0 0 0 1 0 -1 0 6536.dat
1 0 40 20 -260 0 1 0 1 0 0 0 0 -1 32270.dat
1 15 -100 20 -240 0 -1 0 0 0 -1 1 0 0 63869.dat
1 15 100 20 -240 0 1 0 0 0 1 1 0 0 63869.dat
1 15 -80 20 -240 0 1 0 0 0 1 1 0 0 32054.dat
1 15 80 20 -240 0 1 0 0 0 1 1 0 0 32054.dat
1 4 80 20 -270 0 1 0 0 0 1 1 0 0 32062.dat
1 4 -80 20 -270 0 1 0 0 0 1 1 0 0 32062.dat
1 15 -100 40 -260 0 0 -1 0 1 0 1 0 0 42003.dat
1 15 100 40 -260 0 0 -1 0 1 0 1 0 0 42003.dat
1 0 0 20 -280 0 0 -1 -1 0 0 0 1 0 32525.dat
1 15 -100 20 -300 0 -1 0 0 0 -1 1 0 0 63869.dat
1 15 100 20 -300 0 1 0 0 0 1 1 0 0 63869.dat
1 1 20 20 -290 0 -1 0 0 0 1 -1 0 0 43093.dat
1 1 60 20 -290 0 -1 0 0 0 1 -1 0 0 43093.dat
1 15 40 20 -300 0 -1 0 0 0 1 -1 0 0 32184.dat
1 15 -40 20 -310 1 0 0 0 -1 0 0 0 -1 59443.dat
1 0 -40 20 -350 0 0 1 0 -1 0 1 0 0 3705.dat
1 15 -40 20 -390 1 0 0 0 -1 0 0 0 -1 59443.dat
1 4 -120 20 -220 0 -1 0 -1 0 0 0 0 -1 11214.dat
1 4 120 20 -220 0 -1 0 -1 0 0 0 0 -1 11214.dat
1 15 -120 0 -220 1 0 0 0 1 0 0 0 1 32140.dat
1 15 120 0 -220 -1 0 0 0 -1 0 0 0 1 32140.dat
1 16 -80 0 -60 1 0 0 0 -1 0 0 0 -1 42100 - armturntable-a.mpd
1 16 80 40 -60 -1 0 0 0 1 0 0 0 -1 42100 - armturntable-b.mpd
1 1 -120 20 -160 0 -1 0 -1 0 0 0 0 -1 6558.dat
1 1 120 20 -160 0 -1 0 -1 0 0 0 0 -1 6558.dat
1 15 -120 20 -200 0 -1 0 -1 0 0 0 0 -1 4519.dat
1 15 120 20 -200 0 -1 0 -1 0 0 0 0 -1 4519.dat
1 1 -120 20 -240 0 -1 0 -1 0 0 0 0 -1 6558.dat
1 1 -120 20 -260 0 -1 0 -1 0 0 0 0 -1 6558.dat
1 1 -120 20 -280 0 -1 0 -1 0 0 0 0 -1 6558.dat
1 1 -120 20 -320 0 -1 0 -1 0 0 0 0 -1 6558.dat
1 1 120 20 -240 0 -1 0 -1 0 0 0 0 -1 6558.dat
1 1 120 20 -260 0 -1 0 -1 0 0 0 0 -1 6558.dat
1 1 120 20 -280 0 -1 0 -1 0 0 0 0 -1 6558.dat
1 1 120 20 -320 0 -1 0 -1 0 0 0 0 -1 6558.dat
1 16 -120 20 -460 -1 0 0 0 1 0 0 0 -1 42100 - armbeam.mpd
1 16 120 20 -460 -1 0 0 0 1 0 0 0 -1 42100 - armbeam.mpd
1 0 20 -10 -240 0 1 0 1 0 0 0 0 -1 2780.dat
1 4 -20 -20 -240 0 -1 0 -1 0 0 0 0 -1 11214.dat
1 15 0 -20 -240 0 0 -1 0 -1 0 -1 0 0 32523.dat
1 16 0 40 -440 1 0 0 0 1 0 0 0 1 42100 - arm2.mpd
1 15 120 0 -540 1 0 0 0 1 0 0 0 1 40490.dat
1 15 -120 0 -540 1 0 0 0 1 0 0 0 1 40490.dat
1 15 120 0 -340 1 0 0 0 1 0 0 0 1 32525.dat
1 15 -120 0 -340 1 0 0 0 1 0 0 0 1 32525.dat
1 0 -60 10 -520 0 1 0 -1 0 0 0 0 1 2780.dat
1 0 -20 10 -520 0 1 0 -1 0 0 0 0 1 2780.dat
1 0 20 10 -520 0 1 0 -1 0 0 0 0 1 2780.dat
1 0 60 10 -520 0 1 0 -1 0 0 0 0 1 2780.dat
1 15 -60 0 -600 1 0 0 0 1 0 0 0 1 32526.dat
1 15 60 0 -600 -1 0 0 0 -1 0 0 0 1 32526.dat
1 15 -60 -10 -600 0 1 0 -1 0 0 0 0 1 4274.dat
1 15 60 -10 -600 0 1 0 -1 0 0 0 0 1 4274.dat
1 0 -60 10 -580 0 1 0 -1 0 0 0 0 1 2780.dat
1 0 60 10 -580 0 1 0 -1 0 0 0 0 1 2780.dat
1 15 0 20 -580 0 0 -1 0 1 0 1 0 0 32524.dat
1 16 0 260 -620 1 0 0 0 0 1 0 -1 0 42100 - arm3.mpd
1 1 -60 -20 -560 0 0 1 1 0 0 0 1 0 6558.dat
1 1 60 -20 -560 0 0 1 1 0 0 0 1 0 6558.dat
1 15 0 0 -640 0 0 1 0 1 0 -1 0 0 41239.dat
1 15 0 -40 -560 0 0 1 0 -1 0 1 0 0 32524.dat
1 16 0 -100 -480 0 0 -1 0 1 0 1 0 0 42100 - arm1toppanel.mpd
1 1 -110 -100 -520 -1 0 0 0 1 0 0 0 -1 43093.dat
1 15 -120 -20 -640 0 -1 0 0.6 0 -0.8 0.8 0 0.6 6629.dat
1 0 -110 -100 -540 1 0 0 0 0 -1 0 1 0 2780.dat
1 0 -130 -100 -560 1 0 0 0 0 -1 0 1 0 2780.dat
1 0 -130 -100 -580 1 0 0 0 0 -1 0 1 0 2780.dat
1 0 -130 -84 -592 1 0 0 0 0 -1 0 1 0 2780.dat
1 1 -120 -68 -604 1 0 0 0 0 -1 0 1 0 6558.dat
1 1 -120 -52 -616 1 0 0 0 0 -1 0 1 0 6558.dat
1 1 -130 -20 -640 1 0 0 0 0.6 -0.8 0 0.8 0.6 43093.dat
1 15 0 -52 -616 1 0 0 0 0.6 -0.8 0 0.8 0.6 15458.dat
1 1 110 -100 -520 1 0 0 0 1 0 0 0 1 43093.dat
1 15 120 -20 -640 0 -1 0 0.6 0 -0.8 0.8 0 0.6 6629.dat
1 0 110 -100 -540 1 0 0 0 0 -1 0 1 0 2780.dat
1 0 130 -100 -560 1 0 0 0 0 -1 0 1 0 2780.dat
1 0 130 -100 -580 1 0 0 0 0 -1 0 1 0 2780.dat
1 0 130 -84 -592 1 0 0 0 0 -1 0 1 0 2780.dat
1 1 120 -68 -604 -1 0 0 0 0 1 0 1 0 6558.dat
1 1 120 -52 -616 -1 0 0 0 0 1 0 1 0 6558.dat
1 1 130 -20 -640 -1 0 0 0 0.6 0.8 0 0.8 -0.6 43093.dat
1 0 130 80 -640 1 0 0 0 1 0 0 0 1 2780.dat
1 0 130 20 -640 1 0 0 0 1 0 0 0 1 2780.dat
1 0 -130 20 -640 1 0 0 0 1 0 0 0 1 2780.dat
1 0 -130 80 -640 1 0 0 0 1 0 0 0 1 2780.dat
1 15 -135 30 -640 0 1 0 0 0 -1 -1 0 0 32063.dat
1 15 -145 30 -640 0 1 0 0 0 -1 -1 0 0 32063.dat
1 15 135 30 -640 0 1 0 0 0 -1 -1 0 0 32063.dat
1 15 145 30 -640 0 1 0 0 0 -1 -1 0 0 32063.dat
1 7 160 40 -640 -1 0 0 0 1 0 0 0 -1 15100.dat
1 7 -160 40 -640 1 0 0 0 1 0 0 0 1 15100.dat
1 15 140 -36 -628 0 -1 0 0.6 0 -0.8 0.8 0 0.6 74695.dat
1 15 -140 -36 -628 0 -1 0 0.6 0 -0.8 0.8 0 0.6 74695.dat
1 4 150 -36 -628 1 0 0 0 -0.6 0.8 0 -0.8 -0.6 3706.dat
1 4 -150 -36 -628 1 0 0 0 -0.6 0.8 0 -0.8 -0.6 3706.dat
1 1 -100 -100 -300 1 0 0 0 -0.6 0.8 0 -0.8 -0.6 6558.dat
1 1 100 -100 -300 -1 0 0 0 -0.6 0.8 0 0.8 0.6 6558.dat
1 15 -60 -78.752 -202.283 0 -1 0 0.977 0 0.212 -0.212 0 0.977 41239.dat
1 15 -80 -87.251 -241.37 0 -1 0 0.977 0 0.212 -0.212 0 0.977 40490.dat
1 1 -60 -95.75 -280.457 -1 0 0 0 -0.977 0.212 0 0.212 0.977 6558.dat
1 1 -60 -70.253 -163.197 -1 0 0 0 -0.977 0.212 0 0.212 0.977 6558.dat
1 15 0 -83.002 -221.827 0 0 -1 0.212 0.977 0 0.977 -0.212 0 64782.dat
1 15 60 -78.752 -202.283 0 1 0 -0.977 0 0.212 0.212 0 0.977 41239.dat
1 15 80 -87.251 -241.37 0 1 0 -0.977 0 0.212 0.212 0 0.977 40490.dat
1 1 60 -95.75 -280.457 1 0 0 0 0.977 0.212 0 -0.212 0.977 6558.dat
1 1 60 -70.253 -163.197 1 0 0 0 0.977 0.212 0 -0.212 0.977 6558.dat
1 1 90 -40 -100 1 0 0 0 0.749 -0.663 0 0.663 0.749 43093.dat
1 15 100 -40 -100 0 -1 0 0.749 0 -0.663 0.663 0 0.749 74695.dat
1 15 100 -53.255 -85.023 1 0 0 0 0.749 -0.663 0 0.663 0.749 32054.dat
1 1 70 -53.255 -85.023 1 0 0 0 0.749 -0.663 0 0.663 0.749 43093.dat
1 1 -90 -40 -100 -1 0 0 0 0.749 0.663 0 0.663 -0.749 43093.dat
1 15 -100 -40 -100 0 1 0 -0.749 0 -0.663 -0.663 0 0.749 74695.dat
1 15 -100 -53.255 -85.023 -1 0 0 0 0.749 0.663 0 0.663 -0.749 32054.dat
1 1 -70 -53.255 -85.023 -1 0 0 0 0.749 0.663 0 0.663 -0.749 43093.dat
1 15 120 -78.752 -202.283 0 1 0 -0.977 0 0.212 0.212 0 0.977 41239.dat
1 7 140 -78.752 -202.283 -1 0 0 0 0.212 0.977 0 0.977 -0.212 15100.dat
1 15 -120 -78.752 -202.283 0 -1 0 0.977 0 0.212 -0.212 0 0.977 41239.dat
1 7 -140 -78.752 -202.283 1 0 0 0 0.212 -0.977 0 0.977 0.212 15100.dat
1 7 0 480 -640 1 0 0 0 1 0 0 0 1 60485.dat
1 4 80 480 -640 0 0 1 0 1 0 -1 0 0 3713.dat
1 16 0 520 -600 1 0 0 0 0 -1 0 1 0 42100 - bucketback.mpd
1 4 -80 480 -640 0 0 -1 0 1 0 1 0 0 3713.dat
1 15 -20 480 -640 0 0 -1 0 1 0 1 0 0 87407.dat
1 15 -127 480 -520 -1 0 0 0 1 0 0 0 -1 59426.dat
1 15 -120 480 -520 -1 0 0 0 1 0 0 0 -1 92693c01-f2.dat
1 0 -120 480 -540 -1 0 0 0 1 0 0 0 -1 32270.dat
1 15 -137 480 -520 0 0 1 0 1 0 -1 0 0 6589.dat
1 15 127 480 -520 1 0 0 0 -1 0 0 0 -1 59426.dat
1 15 120 480 -520 1 0 0 0 -1 0 0 0 -1 92693c01-f2.dat
1 0 120 480 -540 1 0 0 0 -1 0 0 0 -1 32270.dat
1 15 103 480 -520 0 0 1 0 1 0 -1 0 0 6589.dat
1 15 -160 480 -520 0 -1 0 0 0 1 -1 0 0 60484.dat
1 15 160 480 -520 0 -1 0 0 0 1 -1 0 0 60484.dat
1 0 150 500 -520 -1 0 0 0 0 1 0 1 0 2780.dat
1 15 140 500 -520 0 1 0 0 0 1 1 0 0 18654.dat
1 16 -160 480 -700 -1 0 0 0 0 -1 0 -1 0 42100 - bucketlever1.mpd
1 16 160 480 -700 -1 0 0 0 0 -1 0 -1 0 42100 - bucketlever2.mpd
1 15 -180 500 -660 0 1 0 0 0 -1 -1 0 0 15458.dat
1 0 -180 520 -550 0 1 0 0 0 -1 -1 0 0 2780.dat
1 0 -180 480 -550 0 1 0 0 0 -1 -1 0 0 2780.dat
1 15 -180 500 -540 1 0 0 0 0 -1 0 1 0 32523.dat
1 15 180 500 -660 0 -1 0 0 0 1 -1 0 0 15458.dat
1 0 180 480 -550 0 -1 0 0 0 1 -1 0 0 2780.dat
1 0 180 520 -550 0 -1 0 0 0 1 -1 0 0 2780.dat
1 15 180 500 -540 -1 0 0 0 0 1 0 1 0 32523.dat
1 0 -180 520 -770 0 -1 0 0 0 1 -1 0 0 2780.dat
1 0 -60 520 -770 0 -1 0 0 0 1 -1 0 0 2780.dat
1 0 -20 520 -770 0 -1 0 0 0 1 -1 0 0 2780.dat
1 0 20 520 -770 0 -1 0 0 0 1 -1 0 0 2780.dat
1 0 60 520 -770 0 -1 0 0 0 1 -1 0 0 2780.dat
1 0 180 520 -770 0 -1 0 0 0 1 -1 0 0 2780.dat
1 15 100 520 -780 0 0 1 -1 0 0 0 -1 0 40490.dat
1 15 -100 520 -780 0 0 1 -1 0 0 0 -1 0 40490.dat
1 15 20 60 -440 0 -1 0 0 0 1 -1 0 0 32054.dat
1 15 -20 60 -440 0 -1 0 0 0 1 -1 0 0 32054.dat
1 16 0 40 -500 1 0 0 0 -1 0 0 0 -1 42100 - linac2gears.mpd
1 15 -140 40 -540 1 0 0 0 -1 0 0 0 -1 32184.dat
1 15 140 40 -540 1 0 0 0 -1 0 0 0 -1 32184.dat
1 15 100 60 -260 -1 0 0 0 0.862 0.507 0 0.507 -0.862 32054.dat
1 15 -100 60 -260 1 0 0 0 -0.862 0.507 0 -0.507 -0.862 32054.dat
1 15 -40 60 -260 -1 0 0 0 -1 0 0 0 1 62520.dat
1 15 -40 60 -260 0 1 0 0.862 0 0.507 0.507 0 -0.862 62520.dat
1 15 -40 60 -260 -1 0 0 0 -0.862 -0.507 0 -0.507 0.862 62519.dat
1 15 40 60 -260 -1 0 0 0 -1 0 0 0 1 62520.dat
1 15 40 60 -260 0 1 0 0.862 0 0.507 0.507 0 -0.862 62520.dat
1 15 40 60 -260 -1 0 0 0 -0.862 -0.507 0 -0.507 0.862 62519.dat
1 15 40 80.281 -294.477 0 1 0 0.507 0 -0.862 -0.862 0 -0.507 4519.dat
1 15 -40 80.281 -294.477 0 1 0 0.507 0 -0.862 -0.862 0 -0.507 4519.dat
1 16 0 73.183 -321.856 -1 0 0 0 -0.862 -0.507 0 -0.507 0.862 42100 - linac3.mpd
1 15 -120 53.234 -75.05 0 -1 0 0.707 0 -0.707 0.707 0 0.707 59426.dat
1 15 -120 24.95 -46.766 0 -1 0 0.707 0 -0.707 0.707 0 0.707 59426.dat
1 15 -120 5.858 -94.142 0 0 1 -0.707 0.707 0 -0.707 -0.707 0 32184.dat
1 15 -120 34.142 -65.858 0 0 1 -0.707 0.707 0 -0.707 -0.707 0 32184.dat
1 15 -120 58.891 -69.393 -1 0 0 0 0.707 0.707 0 0.707 -0.707 11478.dat
1 15 -120 65.962 -62.322 -1 0 0 0 0.707 0.707 0 0.707 -0.707 11478.dat
1 1 -130 5.858 -94.142 -1 0 0 0 0.707 0.707 0 0.707 -0.707 43093.dat
1 1 -140 34.142 -65.858 -1 0 0 0 0.707 0.707 0 0.707 -0.707 6558.dat
1 15 -140 5.858 -94.142 0 -1 0 0.707 0 0.707 -0.707 0 0.707 32140.dat
1 0 -150 48.284 -51.716 -1 0 0 0 -0.707 0.707 0 0.707 0.707 2780.dat
1 15 -160 34.142 -65.858 0 1 0 -0.707 0 0.707 0.707 0 0.707 60484.dat
1 15 -160 76.569 -51.716 1 0 0 0 0.707 0.707 0 -0.707 0.707 32054.dat
1 15 -160 48.284 -23.431 1 0 0 0 0.707 0.707 0 -0.707 0.707 32054.dat
1 15 120 53.234 -75.05 0 1 0 0.707 0 0.707 0.707 0 -0.707 59426.dat
1 15 120 24.95 -46.766 0 1 0 0.707 0 0.707 0.707 0 -0.707 59426.dat
1 15 120 5.858 -94.142 0 0 -1 0.707 0.707 0 0.707 -0.707 0 32184.dat
1 15 120 34.142 -65.858 0 0 -1 0.707 0.707 0 0.707 -0.707 0 32184.dat
1 15 120 58.891 -69.393 -1 0 0 0 0.707 0.707 0 0.707 -0.707 11478.dat
1 15 120 65.962 -62.322 -1 0 0 0 0.707 0.707 0 0.707 -0.707 11478.dat
1 1 130 5.858 -94.142 1 0 0 0 0.707 -0.707 0 0.707 0.707 43093.dat
1 1 140 34.142 -65.858 1 0 0 0 0.707 -0.707 0 0.707 0.707 6558.dat
1 15 140 5.858 -94.142 0 -1 0 0.707 0 0.707 -0.707 0 0.707 32140.dat
1 0 150 48.284 -51.716 -1 0 0 0 -0.707 0.707 0 0.707 0.707 2780.dat
1 15 160 34.142 -65.858 0 -1 0 0.707 0 0.707 -0.707 0 0.707 60484.dat
1 15 160 76.569 -51.716 -1 0 0 0 0.707 -0.707 0 -0.707 -0.707 32054.dat
1 15 160 48.284 -23.431 -1 0 0 0 0.707 -0.707 0 -0.707 -0.707 32054.dat