0 42100 - technicChainTread38ReinforcedClosed-1
0 Name: 42100 - technicChainTread38ReinforcedClosed-1.mpd
0 Author: QK Lego Builder
0 !LDRAW_ORG Unofficial_Model

1 15 -69.1 0 0 0 0.975272 -0.221008 0 0.221008 0.975272 1 0 0 88323.dat
1 15 -62.469763 -29.258161 0 0 0.792102 -0.610389 0 0.610389 0.792102 1 0 0 88323.dat
1 15 -44.15809 -53.021212 0 0 0.458216 -0.888841 0 0.888841 0.458216 1 0 0 88323.dat
1 15 -17.492865 -66.767695 0 0 0.218824 -0.975764 0 0.975764 0.218824 1 0 0 88323.dat
1 15 11.780062 -73.332428 0 0 0.214636 -0.976694 0 0.976694 0.214636 1 0 0 88323.dat
1 15 41.080885 -79.771511 0 0 0.214552 -0.976713 0 0.976713 0.214552 1 0 0 88323.dat
1 15 70.382264 -86.208062 0 0 0.21455 -0.976713 0 0.976713 0.21455 1 0 0 88323.dat
1 15 99.683652 -92.644572 0 0 0.21455 -0.976713 0 0.976713 0.21455 1 0 0 88323.dat
1 15 128.98504 -99.08108 0 0 0.063292 -0.997995 0 0.997995 0.063292 1 0 0 88323.dat
1 15 158.924892 -100.979843 0 0 0.000633 -1 0 1 0.000633 1 0 0 88323.dat
1 15 188.924886 -100.998825 0 0 0.000037 -1 0 1 0.000037 1 0 0 88323.dat
1 15 218.924886 -100.999942 0 0 0.000002 -1 0 1 0.000002 1 0 0 88323.dat
1 15 248.924886 -100.999999 0 0 0 -1 0 1 0 1 0 0 88323.dat
1 15 278.924886 -101 0 0 0 -1 0 1 0 1 0 0 88323.dat
1 15 308.924886 -101 0 0 0 -1 0 1 0 1 0 0 88323.dat
1 15 338.924886 -101 0 0 0 -1 0 1 0 1 0 0 88323.dat
1 15 368.924886 -101 0 0 0 -1 0 1 0 1 0 0 88323.dat
1 15 398.924886 -101 0 0 -0.052892 -0.9986 0 0.9986 -0.052892 1 0 0 88323.dat
1 15 428.882893 -99.413245 0 0 -0.210435 -0.977608 0 0.977608 -0.210435 1 0 0 88323.dat
1 15 458.211127 -93.10019 0 0 -0.214339 -0.976759 0 0.976759 -0.214339 1 0 0 88323.dat
1 15 487.513905 -86.67001 0 0 -0.214544 -0.976714 0 0.976714 -0.214544 1 0 0 88323.dat
1 15 516.815332 -80.233678 0 0 -0.21455 -0.976713 0 0.976713 -0.21455 1 0 0 88323.dat
1 15 546.116723 -73.797179 0 0 -0.214887 -0.976639 0 0.976639 -0.214887 1 0 0 88323.dat
1 15 575.415889 -67.350565 0 0 -0.432807 -0.901486 0 0.901486 -0.432807 1 0 0 88323.dat
1 15 602.460482 -54.366344 0 0 -0.771753 -0.635922 0 0.635922 -0.771753 1 0 0 88323.dat
1 15 621.538146 -31.213747 0 0 -0.968679 -0.248318 0 0.248318 -0.968679 1 0 0 88323.dat
1 15 628.987674 -2.153387 0 0 -0.982516 0.186176 0 -0.186176 -0.982516 1 0 0 88323.dat
1 15 623.402384 27.322104 0 0 -0.810752 0.58539 0 -0.58539 -0.810752 1 0 0 88323.dat
1 15 605.840672 51.64465 0 0 -0.485951 0.873986 0 -0.873986 -0.485951 1 0 0 88323.dat
1 15 579.621086 66.223173 0 0 -0.158145 0.987416 0 -0.987416 -0.158145 1 0 0 88323.dat
1 15 549.99861 70.967531 0 0 -0.128473 0.991713 0 -0.991713 -0.128473 1 0 0 88323.dat
1 15 520.24722 74.821722 0 0 -0.128366 0.991727 0 -0.991727 -0.128366 1 0 0 88323.dat
1 15 490.495414 78.672701 0 0 -0.128364 0.991727 0 -0.991727 -0.128364 1 0 0 88323.dat
1 15 460.743599 82.523611 0 0 -0.078514 0.996913 0 -0.996913 -0.078514 1 0 0 88323.dat
1 15 430.836208 84.879018 0 0 -0.00184 0.999998 0 -0.999998 -0.00184 1 0 0 88323.dat
1 15 400.836259 84.934226 0 0 0.001421 0.999999 0 -0.999999 0.001421 1 0 0 88323.dat
1 15 370.836289 84.891609 0 0 0.001551 0.999999 0 -0.999999 0.001551 1 0 0 88323.dat
1 15 340.836325 84.845084 0 0 0.001562 0.999999 0 -0.999999 0.001562 1 0 0 88323.dat
1 15 310.836362 84.798212 0 0 0.001562 0.999999 0 -0.999999 0.001562 1 0 0 88323.dat
1 15 280.836398 84.751337 0 0 0.001562 0.999999 0 -0.999999 0.001562 1 0 0 88323.dat
1 15 250.836435 84.704462 0 0 0.001562 0.999999 0 -0.999999 0.001562 1 0 0 88323.dat
1 15 220.836472 84.657587 0 0 0.001562 0.999999 0 -0.999999 0.001562 1 0 0 88323.dat
1 15 190.836508 84.610712 0 0 0.001562 0.999999 0 -0.999999 0.001562 1 0 0 88323.dat
1 15 160.836545 84.563837 0 0 0.001563 0.999999 0 -0.999999 0.001563 1 0 0 88323.dat
1 15 130.836581 84.516962 0 0 0.074858 0.997194 0 -0.997194 0.074858 1 0 0 88323.dat
1 15 100.920754 82.271235 0 0 0.12355 0.992338 0 -0.992338 0.12355 1 0 0 88323.dat
1 15 71.150604 78.564736 0 0 0.124432 0.992228 0 -0.992228 0.124432 1 0 0 88323.dat
1 15 41.38376 74.831771 0 0 0.124446 0.992226 0 -0.992226 0.124446 1 0 0 88323.dat
1 15 11.616969 71.098387 0 0 0.146816 0.989164 0 -0.989164 0.146816 1 0 0 88323.dat
1 15 -18.057945 66.693903 0 0 0.465012 0.885304 0 -0.885304 0.465012 1 0 0 88323.dat
1 15 -44.617073 52.743537 0 0 0.79634 0.604849 0 -0.604849 0.79634 1 0 0 88323.dat
1 15 -62.762546 28.853334 0 0 0.976717 0.21453 0 -0.21453 0.976717 1 0 0 88323.dat