0 42100 - linac1b
0 Name: 42100 - linac1b.mpd
0 Author: QK Lego Builder
0 !LDRAW_ORG Unofficial_Model

1 4 0 -17.342 96.896 0 -1 0 0.938 0 -0.347 0.347 0 0.938 47157.dat
1 15 0 -17.342 96.896 -1 0 0 0 -0.938 -0.347 0 -0.347 0.938 61904.dat
1 15 0 -13.874 87.517 0 0 1 0.347 0.938 0 -0.938 0.347 0 4519.dat
1 15 0 -9.365 75.324 0 -1 0 -0.938 0 0.347 -0.347 0 -0.938 6589.dat
1 15 0 -39.569 99.339 1 0 0 0 0.938 -0.347 0 0.347 0.938 4519.dat
1 15 0 -32.632 80.58 1 0 0 0 -0.347 -0.938 0 0.938 -0.347 4519.dat
1 15 25 -32.632 80.58 0 1 0 -0.938 0 -0.347 -0.347 0 0.938 41677.dat
1 15 -25 -32.632 80.58 0 1 0 -0.938 0 -0.347 -0.347 0 0.938 41677.dat
1 15 40 80 150 0 1 0 0.6 0 -0.8 -0.8 0 -0.6 6629.dat
1 15 0 0 50 1 0 0 0 -1 0 0 0 -1 15462.dat
1 15 20 0 50 0 0 1 -0.347 -0.938 0 0.938 -0.347 0 87407.dat
1 15 40 80 150 -1 0 0 0 -0.8 -0.6 0 -0.6 0.8 4519.dat
1 15 0 80 150 0 0 -1 0.6 -0.8 0 -0.8 -0.6 0 26287.dat
1 15 80 80 150 0 0 -1 0.6 -0.8 0 -0.8 -0.6 0 26287.dat
1 7 -60 80 150 1 0 0 0 -0.8 0.6 0 -0.6 -0.8 32073.dat
1 15 -40 80 150 0 1 0 0.6 0 -0.8 -0.8 0 -0.6 6629.dat
1 15 -70 0 30 1 0 0 0 1 0 0 0 1 99008.dat
1 1 50 0 30 -1 0 0 0 0 1 0 1 0 43093.dat
1 0 50 0 90 1 0 0 0 0 -1 0 1 0 2780.dat