0 42100 - arm3
0 Name: 42100 - arm3.mpd
0 Author: QK Lego Builder
0 !LDRAW_ORG Unofficial_Model

1 15 -40 40 -20 0 0 1 1 0 0 0 1 0 42003.dat
1 0 -30 40 0 1 0 0 0 -1 0 0 0 -1 2780.dat
1 15 -20 -20 0 0 -1 0 0 0 1 -1 0 0 32140.dat
1 15 -20 40 -20 -1 0 0 0 0 1 0 1 0 32054.dat
1 15 0 0 0 1 0 0 0 1 0 0 0 1 87082.dat
1 4 20 40 -20 -1 0 0 0 1 0 0 0 -1 11214.dat
1 15 20 -20 0 0 -1 0 0 0 1 -1 0 0 32140.dat
1 0 30 40 0 -1 0 0 0 0 1 0 1 0 2780.dat
1 15 40 40 -20 0 0 1 1 0 0 0 1 0 42003.dat
1 1 -40 30 -40 0 0 1 1 0 0 0 1 0 43093.dat
1 15 0 -40 -280 -1 0 0 0 -0.8 0.6 0 0.6 0.8 62520.dat
1 15 0 -40 -280 0 1 0 0 0 -1 -1 0 0 62520.dat
1 15 0 -40 -280 -1 0 0 0 0 1 0 1 0 62519.dat
1 1 40 30 -40 0 0 1 1 0 0 0 1 0 43093.dat
1 15 -30 -20 0 1 0 0 0 -1 0 0 0 -1 3749.dat
1 15 30 -20 0 -1 0 0 0 -1 0 0 0 1 3749.dat
1 15 0 20 -100 -1 0 0 0 -1 0 0 0 1 64178.dat
1 1 40 20 -120 0 1 0 -1 0 0 0 0 1 6558.dat
1 1 -40 20 -120 0 1 0 -1 0 0 0 0 1 6558.dat
1 0 -50 20 -180 -1 0 0 0 -1 0 0 0 1 2780.dat
1 0 -50 20 -100 -1 0 0 0 -1 0 0 0 1 2780.dat
1 0 50 20 -180 -1 0 0 0 -1 0 0 0 1 2780.dat
1 0 50 20 -100 -1 0 0 0 -1 0 0 0 1 2780.dat
1 15 -60 20 -100 0 1 0 1 0 0 0 0 -1 32526.dat
1 15 60 20 -100 0 1 0 1 0 0 0 0 -1 32526.dat
1 7 0 20 -100 0 1 0 0 0 -1 -1 0 0 60485.dat
1 15 0 20 0 0 1 0 -1 0 0 0 0 1 26287.dat
1 15 0 20 -173 0 1 0 1 0 0 0 0 -1 6589.dat
1 0 -50 20 -60 -1 0 0 0 -1 0 0 0 1 2780.dat
1 1 -40 20 0 1 0 0 0 -1 0 0 0 -1 6558.dat
1 15 -60 20 80 0 -1 0 -1 0 0 0 0 -1 32278.dat
1 1 -80 20 -40 -1 0 0 0 -1 0 0 0 1 6558.dat
1 0 -70 20 40 -1 0 0 0 -1 0 0 0 1 2780.dat
1 15 -60 20 60 1 0 0 0 1 0 0 0 1 32054.dat
1 0 50 20 -60 1 0 0 0 1 0 0 0 1 2780.dat
1 1 40 20 0 -1 0 0 0 1 0 0 0 -1 6558.dat
1 15 60 20 80 0 1 0 1 0 0 0 0 -1 32278.dat
1 1 80 20 -40 1 0 0 0 1 0 0 0 1 6558.dat
1 0 70 20 40 1 0 0 0 1 0 0 0 1 2780.dat
1 15 60 20 60 -1 0 0 0 -1 0 0 0 1 32054.dat
1 15 0 20 100 1 0 0 0 1 0 0 0 1 64179.dat
1 1 20 20 170 0 0 -1 0 1 0 1 0 0 43093.dat
1 1 -20 20 170 0 0 -1 0 1 0 1 0 0 43093.dat
1 0 0 20 170 0 0 -1 1 0 0 0 -1 0 87408.dat
1 1 -60 20 140 1 0 0 0 1 0 0 0 1 6558.dat
1 1 -80 20 120 1 0 0 0 1 0 0 0 1 6558.dat
1 15 -80 20 140 0 0 -1 1 0 0 0 -1 0 42003.dat
1 1 60 20 140 -1 0 0 0 -1 0 0 0 1 6558.dat
1 1 80 20 120 -1 0 0 0 -1 0 0 0 1 6558.dat
1 15 80 20 140 0 0 1 -1 0 0 0 -1 0 42003.dat
1 4 0 20 110 0 0 -1 0 -1 0 -1 0 0 3737.dat
1 15 0 20 193 0 1 0 -1 0 0 0 0 1 6589.dat
1 1 40 20 160 0 0 -1 -1 0 0 0 1 0 6558.dat
1 1 -40 20 160 0 0 -1 -1 0 0 0 1 0 6558.dat
1 15 0 40 160 0 0 -1 0 1 0 1 0 0 40490.dat
1 0 80 20 160 0 1 0 1 0 0 0 0 -1 18651.dat
1 0 -80 20 160 0 1 0 1 0 0 0 0 -1 18651.dat
1 15 0 20 -200 1 0 0 0 0.8 0.6 0 -0.6 0.8 44294.dat
1 4 -60 20 -200 0 0 -1 0.6 0.8 0 0.8 -0.6 0 3713.dat
1 4 60 20 -200 0 0 1 0.6 -0.8 0 0.8 0.6 0 3713.dat
1 16 0 20 -260 -1 0 0 0 -1 0 0 0 1 42100 - arm3b.mpd
1 15 20 20 -200 0 0 1 -0.141 -0.99 0 0.99 -0.141 0 87407.dat
1 16 -80 0 -220 -1 0 0 0 -1 0 0 0 1 42100 - arm3turntable-a.mpd
1 16 80 40 -220 1 0 0 0 1 0 0 0 1 42100 - arm3turntable-b.mpd
1 1 -100 40 -140 0 0 -1 -1 0 0 0 1 0 6558.dat
1 1 100 40 -140 0 0 -1 -1 0 0 0 1 0 6558.dat
1 15 -20 40 -120 0 0 -1 0 1 0 1 0 0 32526.dat
1 15 20 40 -120 0 0 1 0 -1 0 1 0 0 32526.dat
1 0 100 50 -120 0 1 0 1 0 0 0 0 -1 2780.dat
1 0 -100 50 -120 0 1 0 1 0 0 0 0 -1 2780.dat
1 15 -100 60 -80 1 0 0 0 -1 0 0 0 -1 11946.dat
1 15 100 60 -80 1 0 0 0 -1 0 0 0 -1 11947.dat
1 15 80 20 40 0 1 0 1 0 0 0 0 -1 32526.dat
1 15 -80 20 40 0 1 0 1 0 0 0 0 -1 32526.dat
1 1 90 60 -40 1 0 0 0 -1 0 0 0 -1 43093.dat
1 1 -90 60 -40 -1 0 0 0 1 0 0 0 -1 43093.dat
1 15 -100 60 40 0 1 0 0 0 -1 -1 0 0 18945.dat
1 0 -80 100 -40 1 0 0 0 -1 0 0 0 -1 18651.dat
1 15 -80 100 -40 0 1 0 0 0 1 1 0 0 74695.dat
1 15 -50 100 -40 0 0 1 0 -1 0 1 0 0 59443.dat
1 7 0 100 -40 -1 0 0 0 0 -1 0 -1 0 32073.dat
1 15 50 100 -40 0 0 1 0 -1 0 1 0 0 59443.dat
1 0 80 100 -40 -1 0 0 0 0 -1 0 -1 0 18651.dat
1 15 80 100 -40 0 1 0 0 0 1 1 0 0 74695.dat
1 15 100 60 40 0 1 0 0 0 -1 -1 0 0 18945.dat
1 0 90 60 120 -1 0 0 0 0 -1 0 -1 0 2780.dat
1 15 80 69.125 137.797 0 -1 0 -0.89 0 -0.456 0.456 0 -0.89 32523.dat
1 1 80 78.25 155.594 -1 0 0 0 0.89 -0.456 0 -0.456 -0.89 6558.dat
1 0 -90 60 120 1 0 0 0 0 1 0 -1 0 2780.dat
1 15 -80 69.125 137.797 0 1 0 0.89 0 -0.456 -0.456 0 -0.89 32523.dat
1 1 -80 78.25 155.594 1 0 0 0 -0.89 -0.456 0 0.456 -0.89 6558.dat
1 15 60 99.125 57.797 0 -1 0 -0.978 0 0.209 -0.209 0 -0.978 32525.dat
1 1 60 111.65 -0.881 1 0 0 0 -0.978 0.209 0 -0.209 -0.978 6558.dat
1 1 60 86.6 116.475 1 0 0 0 -0.978 0.209 0 -0.209 -0.978 6558.dat
1 15 80 99.125 57.797 0 -1 0 -0.978 0 0.209 -0.209 0 -0.978 32524.dat
1 15 0 99.125 57.797 0 0 -1 0.209 -0.978 0 -0.978 -0.209 0 64782.dat
1 15 -60 99.125 57.797 0 1 0 0.978 0 0.209 0.209 0 -0.978 32525.dat
1 1 -60 111.65 -0.881 -1 0 0 0 0.978 0.209 0 0.209 -0.978 6558.dat
1 1 -60 86.6 116.475 -1 0 0 0 0.978 0.209 0 0.209 -0.978 6558.dat
1 15 -80 99.125 57.797 0 1 0 0.978 0 0.209 0.209 0 -0.978 32524.dat
1 1 100 107.475 18.678 1 0 0 0 -0.978 0.209 0 -0.209 -0.978 6558.dat
1 1 100 90.775 96.916 1 0 0 0 -0.978 0.209 0 -0.209 -0.978 6558.dat
1 15 100 99.125 57.797 0 -1 0 -0.978 0 0.209 -0.209 0 -0.978 32525.dat
1 0 130 99.125 57.797 -1 0 0 0 0.988 -0.156 0 -0.156 -0.988 2780.dat
1 15 120 99.125 57.797 0 -1 0 -0.978 0 0.209 -0.209 0 -0.978 40490.dat
1 7 140 86.6 116.475 -1 0 0 0 0.209 -0.978 0 -0.978 -0.209 15100.dat
1 1 -100 107.475 18.678 -1 0 0 0 -0.978 -0.209 0 -0.209 0.978 6558.dat
1 1 -100 90.775 96.916 -1 0 0 0 -0.978 -0.209 0 -0.209 0.978 6558.dat
1 15 -100 99.125 57.797 0 1 0 0.978 0 0.209 0.209 0 -0.978 32525.dat
1 0 -130 99.125 57.797 -1 0 0 0 1 0 0 0 -1 2780.dat
1 15 -120 99.125 57.797 0 1 0 0.978 0 0.209 0.209 0 -0.978 40490.dat
1 7 -140 86.6 116.475 1 0 0 0 0.209 0.978 0 -0.978 0.209 15100.dat
1 1 100 120 -40 -1 0 0 0 -1 0 0 0 1 6558.dat
1 1 -100 120 -40 1 0 0 0 1 0 0 0 1 6558.dat
1 15 -120 97.389 -116.738 0 -1 0 0.959 0 0.283 -0.283 0 0.959 40490.dat
1 1 -120 108.694 -78.369 -1 0 0 0 -0.959 0.283 0 0.283 0.959 6558.dat
1 7 -140 91.736 -135.923 1 0 0 0 0.283 -0.959 0 0.959 0.283 15100.dat
1 0 -110 86.084 -155.107 1 0 0 0 0.283 -0.959 0 0.959 0.283 2780.dat
1 1 -110 80.431 -174.292 1 0 0 0 0.283 -0.959 0 0.959 0.283 43093.dat
1 15 -100 80.431 -174.292 0 1 0 0.959 0 -0.283 -0.283 0 -0.959 74695.dat
1 1 -100 74.778 -193.476 -1 0 0 0 -0.959 0.283 0 0.283 0.959 6558.dat
1 1 -70 60 -180 -1 0 0 0 -0.739 0.674 0 0.674 0.739 43093.dat
1 15 -80 60 -180 0 1 0 0.674 0 0.739 0.739 0 -0.674 74695.dat
1 15 0 97.389 -116.738 -1 0 0 0 -0.959 0.283 0 0.283 0.959 64782.dat
1 15 120 97.389 -116.738 0 1 0 -0.959 0 0.283 0.283 0 0.959 40490.dat
1 1 120 108.694 -78.369 1 0 0 0 -0.37 0.929 0 -0.929 -0.37 6558.dat
1 7 140 91.736 -135.923 -1 0 0 0 0.283 0.959 0 0.959 -0.283 15100.dat
1 0 110 86.084 -155.107 1 0 0 0 0.283 -0.959 0 0.959 0.283 2780.dat
1 1 110 80.431 -174.292 -1 0 0 0 0.283 0.959 0 0.959 -0.283 43093.dat
1 15 100 80.431 -174.292 0 -1 0 -0.959 0 -0.283 0.283 0 -0.959 74695.dat
1 1 100 74.778 -193.476 1 0 0 0 -0.959 -0.283 0 0.283 -0.959 6558.dat
1 1 70 60 -180 1 0 0 0 -0.739 -0.674 0 0.674 -0.739 43093.dat
1 15 80 60 -180 0 -1 0 -0.674 0 0.739 -0.739 0 -0.674 74695.dat
1 0 120 10 -120 0 -1 0 1 0 0 0 0 1 2780.dat
1 0 120 10 -100 0 -1 0 1 0 0 0 0 1 2780.dat
1 0 -120 10 -120 0 -1 0 1 0 0 0 0 1 2780.dat
1 0 -120 10 -100 0 -1 0 1 0 0 0 0 1 2780.dat
1 1 120 10 -80 0 1 0 1 0 0 0 0 -1 43093.dat
1 1 -120 10 -80 0 1 0 1 0 0 0 0 -1 43093.dat
1 15 0 0 -120 0 0 1 0 1 0 -1 0 0 41239.dat
1 15 120 0 0 -1 0 0 0 1 0 0 0 -1 32525.dat
1 0 120 10 -60 0 -1 0 1 0 0 0 0 1 2780.dat
1 0 120 10 100 0 -1 0 1 0 0 0 0 1 2780.dat
1 15 120 20 40 -1 0 0 0 1 0 0 0 -1 32525.dat
1 0 120 10 120 0 -1 0 1 0 0 0 0 1 2780.dat
1 0 120 10 140 0 -1 0 1 0 0 0 0 1 2780.dat
1 15 40 0 160 0 0 1 0 1 0 -1 0 0 32526.dat
1 15 -40 0 160 0 0 -1 0 -1 0 -1 0 0 32526.dat
1 15 -120 0 0 -1 0 0 0 1 0 0 0 -1 32525.dat
1 0 -120 10 -60 0 1 0 -1 0 0 0 0 1 2780.dat
1 0 -120 10 100 0 1 0 -1 0 0 0 0 1 2780.dat
1 15 -120 20 40 -1 0 0 0 1 0 0 0 -1 32525.dat
1 0 -120 10 120 0 1 0 -1 0 0 0 0 1 2780.dat
1 0 -120 10 140 0 1 0 -1 0 0 0 0 1 2780.dat
1 4 -120 0 -200 0 1 0 0 0 1 1 0 0 11214.dat
1 4 -120 40 -200 0 1 0 0 0 1 1 0 0 11214.dat
1 15 -120 20 -180 0 0 1 0 -1 0 1 0 0 32184.dat
1 4 120 0 -200 0 1 0 0 0 1 1 0 0 11214.dat
1 4 120 40 -200 0 1 0 0 0 1 1 0 0 11214.dat
1 15 120 20 -180 0 0 1 0 -1 0 1 0 0 32184.dat
1 15 0 -120 -280 0 1 0 -1 0 0 0 0 1 44294.dat