0 8222_B
0 Name: 8222_B.mpd
0 Author: QK Lego Builder
0 !LDRAW_ORG Unofficial_Model

1 8 40 -120.737 -20 -1 0 0 0 1 0 0 0 -1 32002.dat
1 0 55 -41.487 -200 0 1 0 -1 0 0 0 0 1 32017.dat
1 0 60 -120.987 80 1 0 0 0 1 0 0 0 1 2780.dat
1 8 0 -120.737 -20 1 0 0 0 1 0 0 0 1 32002.dat
1 0 60 -40.987 -40 1 0 0 0 1 0 0 0 1 2780.dat
1 0 -20 -120.987 80 1 0 0 0 1 0 0 0 1 2780.dat
1 7 10 -130.987 90 1 0 0 0 1 0 0 0 1 4589.dat
1 7 20 -106.987 90 1 0 0 0 1 0 0 0 1 3710.dat
1 7 30 -130.987 90 1 0 0 0 1 0 0 0 1 4589.dat
1 7 20 -98.987 90 1 0 0 0 1 0 0 0 1 3023.dat
1 0 20 -90.987 90 1 0 0 0 1 0 0 0 1 3700.dat
1 7 20 -66.987 90 1 0 0 0 1 0 0 0 1 3023.dat
1 0 20 -58.987 90 1 0 0 0 1 0 0 0 1 3710.dat
1 0 20 -98.737 0 0 0 1 0 1 0 -1 0 0 6588.dat
1 0 20 -58.987 -30 1 0 0 0 1 0 0 0 1 2419.dat
1 0 20 -58.987 20 1 0 0 0 1 0 0 0 1 3709b.dat
1 0 50 -50.987 20 0 0 -1 0 1 0 1 0 0 3702.dat
1 0 -10 -50.987 20 0 0 -1 0 1 0 1 0 0 3702.dat
1 0 70 -50.987 -100 0 0 -1 0 1 0 1 0 0 2730.dat
1 0 -10 -130.987 40 0 0 -1 0 1 0 1 0 0 3702.dat
1 0 50 -130.987 40 0 0 -1 0 1 0 1 0 0 3702.dat
1 7 141.38 -196.588 139.996 0 0.923879 0.382686 0 0.382686 -0.923879 -1 0 0 32013.dat
1 0 125.307 -157.785 139.996 -0.382683 0 -0.92388 0.92388 0 -0.382683 0 -1 0 4519.dat
1 7 110 -120.83 139.496 0 0 1 0 1 0 -1 0 0 32015.dat
1 0 20 -120.83 139.996 1 0 0 0 1 0 0 0 1 3707.dat
1 7 -70 -120.33 139.996 0 0 -1 0 1 0 1 0 0 32015.dat
1 7 -100.615 -194.74 139.996 0 -0.923879 -0.382685 0 0.382685 -0.923879 1 0 0 32013.dat
1 0 -85.3074 -157.785 139.996 0.382683 0 0.92388 0.92388 0 -0.382683 0 1 0 4519.dat
1 7 70 -41.6493 19.1269 0 -1 0 0.608731 0 -0.793377 0.793377 0 0.608731 6629.dat
1 7 -30 -41.6493 19.1269 0 -1 0 0.608731 0 -0.793377 0.793377 0 0.608731 6629.dat
1 0 20 -41.7537 18.8302 1 0 0 0 0.793377 0.608731 0 -0.608731 0.793377 3708.dat
1 7 120 -41.7526 18.8226 1 0 0 0 -0.608731 0.793377 0 -0.793377 -0.608731 6536.dat
1 7 -80 -41.7526 18.8226 1 0 0 0 -0.608731 0.793376 0 -0.793376 -0.608731 6536.dat
1 0 90 -50.9526 0.02255 0 0 -1 0 1 0 1 0 0 2730.dat
1 0 -30 -50.987 -100 0 0 -1 0 1 0 1 0 0 2730.dat
1 0 -50 -50.9526 0.02255 0 0 -1 0 1 0 1 0 0 2730.dat
1 8 40 -41.487 -200 -1 0 0 0 1 0 0 0 -1 32002.dat
1 8 120 -61.861 9.04236 0 -1 0 -0.793376 0 -0.608731 0.608731 0 -0.793376 32002.dat
1 0 20 -80.987 80 0 0 1 0 1 0 -1 0 0 3708.dat
1 7 20 -80.987 0 1 0 0 0 1 0 0 0 1 4716.dat
1 7 20 -80.987 50 1 0 0 0 1 0 0 0 1 3713.dat
1 7 20 -80.987 70 1 0 0 0 1 0 0 0 1 3713.dat
1 7 20 -80.987 165 1 0 0 0 0 1 0 -1 0 4032a.dat
1 0 20 -81.487 212.75 1 0 0 0 0 1 0 -1 0 3942b.dat
1 7 45 -41.337 -200 0 1 0 -1 0 0 0 0 1 32017.dat
1 7 20 -18.987 -90 1 0 0 0 1 0 0 0 1 2717.dat
1 0 70 -40.887 -80 1 0 0 0 1 0 0 0 1 6558.dat
1 0 20 -41.287 -240 1 0 0 0 1 0 0 0 1 3705.dat
1 7 20 -40.987 -240 0 0 1 0 1 0 -1 0 0 3482.dat
1 0 20 -41.487 -240 0 0 -1 0 1 0 1 0 0 3483.dat
1 0 60 -40.987 -160 1 0 0 0 1 0 0 0 1 2780.dat
1 0 60 -40.987 -180 1 0 0 0 1 0 0 0 1 2780.dat
1 0 60 -40.987 -100 1 0 0 0 1 0 0 0 1 2780.dat
1 0 70 -40.887 -20 1 0 0 0 1 0 0 0 1 6558.dat
1 0 70.0062 -40.787 79.9 0 0 -1 0 1 0 1 0 0 3483.dat
1 7 70.0062 -40.787 80 0 0 1 0 1 0 -1 0 0 3482.dat
1 7 59.8 -40.787 80 1 0 0 0 1 0 0 0 1 3749.dat
1 7 -5 -41.487 -200 0 1 0 -1 0 0 0 0 1 32017.dat
1 8 0 -41.487 -200 1 0 0 0 1 0 0 0 1 32002.dat
1 0 -16 -41.287 -200 0 1 0 -1 0 0 0 0 1 32017.dat
1 0 -20 -41.487 -160 1 0 0 0 1 0 0 0 1 2780.dat
1 0 -20 -41.487 -180 1 0 0 0 1 0 0 0 1 2780.dat
1 0 -20 -40.987 -100 1 0 0 0 1 0 0 0 1 2780.dat
1 0 -20 -40.987 -39.9 1 0 0 0 1 0 0 0 1 2780.dat
1 0 -30 -40.987 -80 -1 0 0 0 1 0 0 0 -1 6558.dat
1 0 -30 -40.887 -20 -1 0 0 0 1 0 0 0 -1 6558.dat
1 7 -20 -40.987 80 -1 0 0 0 1 0 0 0 -1 3749.dat
1 7 -30 -41.087 80 0 0 1 0 1 0 -1 0 0 3482.dat
1 0 -30 -40.787 79.9 0 0 -1 0 1 0 1 0 0 3483.dat
1 8 -80 -61.861 9.0424 0 -1 0 -0.793376 0 -0.608731 0.608731 0 -0.793376 32002.dat
1 7 19 -184.987 96 0 0 -1 0 1 0 1 0 0 6538b.dat
1 7 5 -40.987 -240 0 0 1 0 -1 0 1 0 0 4265a.dat
1 7 35 -41.287 -240 0 0 -1 0 1 0 1 0 0 4265a.dat
1 7 20 -80.987 -35 -1 0 0 0 1 0 0 0 -1 4265a.dat
1 7 20 -80.987 35 -1 0 0 0 -1 0 0 0 1 4265a.dat
1 7 105 -41.7527 18.8226 0 0 1 -0.608731 0.793377 0 -0.793377 -0.608731 0 4265a.dat
1 7 -65 -41.7527 18.8226 0 0 -1 -0.608731 -0.793376 0 -0.793376 0.608731 0 4265a.dat
1 16 -0.231 -0.002 -0.304 1 0 0 0 1 0 0 0 1 windscreen.mpd
1 16 -0.231 -0.002 -0.304 1 0 0 0 1 0 0 0 1 propellor.mpd
1 16 -242.431 2.098 -0.304 1 0 0 0 1 0 0 0 1 propellor.mpd