0 8448 - Super Car_Hose
0 Name: 8448 - Super Car_Hose.mpd
0 Author: QK Lego Builder
0 !LDRAW_ORG Unofficial_Model

1 7 -428.421 3.5741 -250 0 -0.9799 -0.1996 0 0.1996 -0.9799 1 0 0 79.dat
1 7 -423.032 2.4764 -250 0 0.9799 -0.1996 0 -0.1996 -0.9799 1 0 0 80.dat
1 7 -417.637 1.3776 -250 0 0.9799 -0.1996 0 -0.1996 -0.9799 1 0 0 80.dat
1 7 -412.244 0.2792 -250 0 0.9799 -0.1996 0 -0.1996 -0.9799 1 0 0 80.dat
1 7 -406.854 -0.8185 -250 0 0.9799 -0.1996 0 -0.1996 -0.9799 1 0 0 80.dat
1 7 -401.462 -1.9167 -250 0 0.9799 -0.1996 0 -0.1996 -0.9799 1 0 0 80.dat
1 7 -396.067 -3.0154 -250 0 0.9799 -0.1996 0 -0.1996 -0.9799 1 0 0 80.dat
1 7 -390.677 -4.1131 -250 0 0.9799 -0.1996 0 -0.1996 -0.9799 1 0 0 80.dat
1 7 -385.282 -5.2119 -250 0 0.9799 -0.1996 0 -0.1996 -0.9799 1 0 0 80.dat
1 7 -379.886 -6.3109 -250 0 0.9799 -0.1996 0 -0.1996 -0.9799 1 0 0 80.dat
1 7 -374.491 -7.4098 -250 0 0.9799 -0.1996 0 -0.1996 -0.9799 1 0 0 79.dat
1 7 -351.986 -11.9865 -250.007 0.0026 -0.9803 -0.1974 -0.0005 0.1974 -0.9803 1 0.0027 0 79.dat
1 7 -346.581 -13.0616 -250.036 0.0084 0.9813 -0.1923 -0.0017 -0.1922 -0.9813 1 -0.0086 0 80.dat
1 7 -341.175 -14.1032 -250.101 0.0151 0.9825 -0.1855 -0.0029 -0.1855 -0.9826 0.9999 -0.0154 0 80.dat
1 7 -335.759 -15.1029 -250.205 0.0229 0.984 -0.1767 -0.0041 -0.1766 -0.9843 0.9997 -0.0232 0 80.dat
1 7 -330.334 -16.0468 -250.355 0.0317 0.9858 -0.165 -0.0053 -0.165 -0.9863 0.9995 -0.0321 0 80.dat
1 7 -324.899 -16.917 -250.557 0.0415 0.9878 -0.1498 -0.0063 -0.1496 -0.9887 0.9991 -0.042 0 80.dat
1 7 -319.454 -17.6917 -250.814 0.052 0.9901 -0.1301 -0.0068 -0.1299 -0.9915 0.9986 -0.0524 0 80.dat
1 7 -314 -18.3456 -251.128 0.062 0.9925 -0.1057 -0.0066 -0.1055 -0.9944 0.9981 -0.0624 0 80.dat
1 7 -308.532 -18.8563 -251.491 0.07 0.9945 -0.0777 -0.0055 -0.0775 -0.997 0.9975 -0.0702 0 80.dat
1 7 -303.053 -19.2109 -251.886 0.0738 0.9961 -0.0488 -0.0036 -0.0487 -0.9988 0.9973 -0.0739 0 80.dat
1 7 -297.566 -19.4154 -252.289 0.0724 0.9971 -0.0233 -0.0017 -0.0232 -0.9997 0.9974 -0.0724 0 80.dat
1 7 -292.077 -19.4955 -252.672 0.0662 0.9978 -0.0041 -0.0003 -0.0041 -1 0.9978 -0.0662 0 80.dat
1 7 -286.575 -19.4886 -253.014 0.057 0.9983 0.0078 0.0004 0.0078 -1 0.9984 -0.057 0 80.dat
1 7 -281.073 -19.4313 -253.303 0.0467 0.9988 0.0136 0.0006 0.0136 -0.9999 0.9989 -0.0467 0 80.dat
1 7 -275.568 -19.3527 -253.535 0.0366 0.9992 0.0151 0.0006 0.0151 -0.9999 0.9993 -0.0366 0 80.dat
1 7 -270.068 -19.2724 -253.713 0.0274 0.9995 0.014 0.0004 0.014 -0.9999 0.9996 -0.0274 0 80.dat
1 7 -264.568 -19.2023 -253.843 0.0191 0.9998 0.0113 0.0002 0.0113 -0.9999 0.9998 -0.0191 0 80.dat
1 7 -259.068 -19.1489 -253.93 0.0119 0.9999 0.0078 0.0001 0.0078 -1 0.9999 -0.0119 0 80.dat
1 7 -253.556 -19.1156 -253.98 0.0055 1 0.0039 0 0.0039 -1 1 -0.0055 0 80.dat
1 7 -248.048 -19.1037 -253.996 0 1 0 0 0 -1 1 0 0 80.dat
1 7 -242.539 -19.1037 -253.996 0 1 0 0 0 -1 1 0 0 80.dat
1 7 -237.027 -19.1037 -253.996 0 1 0 0 0 -1 1 0 0 80.dat
1 7 -231.517 -19.1037 -253.996 0 1 0 0 0 -1 1 0 0 80.dat
1 7 -226.013 -19.1036 -253.997 0 1 0 0 0 -1 1 0 0 80.dat
1 7 -220.502 -19.1036 -253.997 0 1 0 0 0 -1 1 0 0 80.dat
1 7 -214.987 -19.1035 -253.997 0 1 0 0 0 -1 1 0 0 80.dat
1 7 -209.473 -19.1034 -253.997 0 1 0 0 0 -1 1 0 0 80.dat
1 7 -203.963 -19.1033 -253.997 0 1 0 0 0 -1 1 0 0 80.dat
1 7 -198.459 -19.1032 -253.997 0 1 0 0 0 -1 1 0 0 80.dat
1 7 -192.94 -19.1031 -253.997 0 1 0 0 0 -1 1 0 0 80.dat
1 7 -187.437 -19.1029 -253.997 0 1 0 0 0 -1 1 0 0 80.dat
1 7 -181.933 -19.1027 -253.998 0 1 0 0 0 -1 1 0 0 80.dat
1 7 -176.422 -19.1026 -253.998 0 1 0 0 0 -1 1 0 0 80.dat
1 7 -170.921 -19.1024 -253.998 0 1 0 0 0 -1 1 0 0 80.dat
1 7 -165.421 -19.1022 -253.998 0 1 0 0 0 -1 1 0 0 80.dat
1 7 -159.907 -19.102 -253.999 0 1 0 0 0 -1 1 0 0 80.dat
1 7 -154.406 -19.1019 -253.999 0 1 0 0 0 -1 1 0 0 80.dat
1 7 -148.897 -19.1017 -253.999 0 1 0 0 0 -1 1 0 0 80.dat
1 7 -143.387 -19.1016 -253.999 0 1 0 0 0 -1 1 0 0 80.dat
1 7 -137.881 -19.1014 -253.999 0 1 0 0 0 -1 1 0 0 80.dat
1 7 -132.367 -19.1013 -254 0 1 0 0 0 -1 1 0 0 80.dat
1 7 -126.863 -19.1012 -254 0 1 0 0 0 -1 1 0 0 80.dat
1 7 -121.351 -19.1012 -254 0 1 0 0 0 -1 1 0 0 80.dat
1 7 -115.834 -19.1011 -254 0 1 0 0 0 -1 1 0 0 80.dat
1 7 -110.315 -19.1011 -254 0 1 0 0 0 -1 1 0 0 80.dat
1 7 -104.801 -19.101 -254 0 1 0 0 0 -1 1 0 0 80.dat
1 7 -99.2943 -19.101 -254 0 1 0 0 0 -1 1 0 0 80.dat
1 7 -93.7817 -19.101 -254 0 1 0 0 0 -1 1 0 0 79.dat
1 7 -428.421 3.5741 250 0 -0.9799 -0.1996 0 0.1996 -0.9799 1 0 0 79.dat
1 7 -423.032 2.4764 250 0 0.9799 -0.1996 0 -0.1996 -0.9799 1 0 0 80.dat
1 7 -417.637 1.3776 250 0 0.9799 -0.1996 0 -0.1996 -0.9799 1 0 0 80.dat
1 7 -412.244 0.2792 250 0 0.9799 -0.1996 0 -0.1996 -0.9799 1 0 0 80.dat
1 7 -406.854 -0.8185 250 0 0.9799 -0.1996 0 -0.1996 -0.9799 1 0 0 80.dat
1 7 -401.462 -1.9167 250 0 0.9799 -0.1996 0 -0.1996 -0.9799 1 0 0 80.dat
1 7 -396.067 -3.0154 250 0 0.9799 -0.1996 0 -0.1996 -0.9799 1 0 0 80.dat
1 7 -390.677 -4.1131 250 0 0.9799 -0.1996 0 -0.1996 -0.9799 1 0 0 80.dat
1 7 -385.282 -5.2119 250 0 0.9799 -0.1996 0 -0.1996 -0.9799 1 0 0 80.dat
1 7 -379.886 -6.3109 250 0 0.9799 -0.1996 0 -0.1996 -0.9799 1 0 0 80.dat
1 7 -374.491 -7.4098 250 0 0.9799 -0.1996 0 -0.1996 -0.9799 1 0 0 79.dat
1 7 -351.986 -11.9865 250.007 -0.0026 -0.9803 -0.1974 0.0005 0.1974 -0.9803 1 -0.0027 0 79.dat
1 7 -346.581 -13.0616 250.036 -0.0084 0.9813 -0.1923 0.0017 -0.1922 -0.9813 1 0.0086 0 80.dat
1 7 -341.175 -14.1032 250.101 -0.0151 0.9825 -0.1855 0.0029 -0.1855 -0.9826 0.9999 0.0154 0 80.dat
1 7 -335.759 -15.1029 250.205 -0.0229 0.984 -0.1767 0.0041 -0.1766 -0.9843 0.9997 0.0232 0 80.dat
1 7 -330.334 -16.0468 250.355 -0.0317 0.9858 -0.165 0.0053 -0.165 -0.9863 0.9995 0.0321 0 80.dat
1 7 -324.899 -16.917 250.557 -0.0415 0.9878 -0.1498 0.0063 -0.1496 -0.9887 0.9991 0.042 0 80.dat
1 7 -319.454 -17.6917 250.814 -0.052 0.9901 -0.1301 0.0068 -0.1299 -0.9915 0.9986 0.0524 0 80.dat
1 7 -314 -18.3456 251.128 -0.062 0.9925 -0.1057 0.0066 -0.1055 -0.9944 0.9981 0.0624 0 80.dat
1 7 -308.532 -18.8563 251.491 -0.07 0.9945 -0.0777 0.0055 -0.0775 -0.997 0.9975 0.0702 0 80.dat
1 7 -303.053 -19.2109 251.886 -0.0738 0.9961 -0.0488 0.0036 -0.0487 -0.9988 0.9973 0.0739 0 80.dat
1 7 -297.566 -19.4154 252.289 -0.0724 0.9971 -0.0233 0.0017 -0.0232 -0.9997 0.9974 0.0724 0 80.dat
1 7 -292.077 -19.4955 252.672 -0.0662 0.9978 -0.0041 0.0003 -0.0041 -1 0.9978 0.0662 0 80.dat
1 7 -286.575 -19.4886 253.014 -0.057 0.9983 0.0078 -0.0004 0.0078 -1 0.9984 0.057 0 80.dat
1 7 -281.073 -19.4313 253.303 -0.0467 0.9988 0.0136 -0.0006 0.0136 -0.9999 0.9989 0.0467 0 80.dat
1 7 -275.568 -19.3527 253.535 -0.0366 0.9992 0.0151 -0.0006 0.0151 -0.9999 0.9993 0.0366 0 80.dat
1 7 -270.068 -19.2724 253.713 -0.0274 0.9995 0.014 -0.0004 0.014 -0.9999 0.9996 0.0274 0 80.dat
1 7 -264.568 -19.2023 253.843 -0.0191 0.9998 0.0113 -0.0002 0.0113 -0.9999 0.9998 0.0191 0 80.dat
1 7 -259.068 -19.1489 253.93 -0.0119 0.9999 0.0078 -0.0001 0.0078 -1 0.9999 0.0119 0 80.dat
1 7 -253.556 -19.1156 253.98 -0.0055 1 0.0039 0 0.0039 -1 1 0.0055 0 80.dat
1 7 -248.048 -19.1037 253.996 0 1 0 0 0 -1 1 0 0 80.dat
1 7 -242.539 -19.1037 253.996 0 1 0 0 0 -1 1 0 0 80.dat
1 7 -237.027 -19.1037 253.996 0 1 0 0 0 -1 1 0 0 80.dat
1 7 -231.517 -19.1037 253.996 0 1 0 0 0 -1 1 0 0 80.dat
1 7 -226.013 -19.1036 253.997 0 1 0 0 0 -1 1 0 0 80.dat
1 7 -220.502 -19.1036 253.997 0 1 0 0 0 -1 1 0 0 80.dat
1 7 -214.987 -19.1035 253.997 0 1 0 0 0 -1 1 0 0 80.dat
1 7 -209.473 -19.1034 253.997 0 1 0 0 0 -1 1 0 0 80.dat
1 7 -203.963 -19.1033 253.997 0 1 0 0 0 -1 1 0 0 80.dat
1 7 -198.459 -19.1032 253.997 0 1 0 0 0 -1 1 0 0 80.dat
1 7 -192.94 -19.1031 253.997 0 1 0 0 0 -1 1 0 0 80.dat
1 7 -187.437 -19.1029 253.997 0 1 0 0 0 -1 1 0 0 80.dat
1 7 -181.933 -19.1027 253.998 0 1 0 0 0 -1 1 0 0 80.dat
1 7 -176.422 -19.1026 253.998 0 1 0 0 0 -1 1 0 0 80.dat
1 7 -170.921 -19.1024 253.998 0 1 0 0 0 -1 1 0 0 80.dat
1 7 -165.421 -19.1022 253.998 0 1 0 0 0 -1 1 0 0 80.dat
1 7 -159.907 -19.102 253.999 0 1 0 0 0 -1 1 0 0 80.dat
1 7 -154.406 -19.1019 253.999 0 1 0 0 0 -1 1 0 0 80.dat
1 7 -148.897 -19.1017 253.999 0 1 0 0 0 -1 1 0 0 80.dat
1 7 -143.387 -19.1016 253.999 0 1 0 0 0 -1 1 0 0 80.dat
1 7 -137.881 -19.1014 253.999 0 1 0 0 0 -1 1 0 0 80.dat
1 7 -132.367 -19.1013 254 0 1 0 0 0 -1 1 0 0 80.dat
1 7 -126.863 -19.1012 254 0 1 0 0 0 -1 1 0 0 80.dat
1 7 -121.351 -19.1012 254 0 1 0 0 0 -1 1 0 0 80.dat
1 7 -115.834 -19.1011 254 0 1 0 0 0 -1 1 0 0 80.dat
1 7 -110.315 -19.1011 254 0 1 0 0 0 -1 1 0 0 80.dat
1 7 -104.801 -19.101 254 0 1 0 0 0 -1 1 0 0 80.dat
1 7 -99.2943 -19.101 254 0 1 0 0 0 -1 1 0 0 80.dat
1 7 -93.7817 -19.101 254 0 1 0 0 0 -1 1 0 0 79.dat
1 4 -222.222 -93.0198 -230.006 -0.0021 -0.9214 0.3887 0.0009 0.3887 0.9214 -1 0.0022 0 79.dat
1 4 -217.14 -95.1747 -230.029 -0.006 0.9198 0.3924 0.0025 -0.3924 0.9198 -1 -0.0065 0 80.dat
1 4 -212.062 -97.3496 -230.074 -0.0095 0.9185 0.3954 0.0041 -0.3954 0.9185 -0.9999 -0.0104 0 80.dat
1 4 -206.989 -99.5406 -230.14 -0.0128 0.9174 0.3978 0.0056 -0.3978 0.9175 -0.9999 -0.014 0 80.dat
1 4 -201.92 -101.744 -230.226 -0.0159 0.9165 0.3996 0.0069 -0.3996 0.9167 -0.9999 -0.0173 0 80.dat
1 4 -196.854 -103.956 -230.329 -0.0187 0.9159 0.4009 0.0082 -0.4008 0.9161 -0.9998 -0.0204 0 80.dat
1 4 -191.791 -106.175 -230.449 -0.0212 0.9155 0.4017 0.0093 -0.4016 0.9158 -0.9997 -0.0232 0 80.dat
1 4 -186.73 -108.396 -230.584 -0.0236 0.9153 0.402 0.0104 -0.4019 0.9156 -0.9997 -0.0258 0 80.dat
1 4 -181.67 -110.617 -230.732 -0.0258 0.9153 0.4019 0.0113 -0.4017 0.9157 -0.9996 -0.0282 0 80.dat
1 4 -176.61 -112.836 -230.893 -0.0278 0.9155 0.4013 0.0122 -0.4011 0.916 -0.9995 -0.0304 0 80.dat
1 4 -171.549 -115.05 -231.066 -0.0297 0.9159 0.4003 0.013 -0.4001 0.9164 -0.9995 -0.0324 0 80.dat
1 4 -166.487 -117.257 -231.25 -0.0314 0.9165 0.3988 0.0136 -0.3986 0.917 -0.9994 -0.0342 0 80.dat
1 4 -161.422 -119.454 -231.443 -0.0329 0.9172 0.397 0.0142 -0.3967 0.9178 -0.9994 -0.0359 0 80.dat
1 4 -156.354 -121.64 -231.645 -0.0343 0.9182 0.3947 0.0148 -0.3945 0.9188 -0.9993 -0.0374 0 80.dat
1 4 -151.282 -123.811 -231.855 -0.0356 0.9192 0.3921 0.0152 -0.3918 0.9199 -0.9992 -0.0387 0 80.dat
1 4 -146.204 -125.966 -232.071 -0.0368 0.9205 0.389 0.0155 -0.3887 0.9212 -0.9992 -0.0399 0 80.dat
1 4 -141.119 -128.103 -232.294 -0.0378 0.9219 0.3856 0.0158 -0.3853 0.9227 -0.9992 -0.041 0 80.dat
1 4 -136.028 -130.22 -232.523 -0.0388 0.9235 0.3818 0.016 -0.3814 0.9243 -0.9991 -0.0419 0 80.dat
1 4 -130.927 -132.314 -232.756 -0.0396 0.9252 0.3775 0.0161 -0.3772 0.926 -0.9991 -0.0427 0 80.dat
1 4 -125.818 -134.384 -232.994 -0.0402 0.927 0.3728 0.0162 -0.3725 0.9279 -0.9991 -0.0434 0 80.dat
1 4 -120.698 -136.426 -233.234 -0.0408 0.929 0.3677 0.0161 -0.3674 0.9299 -0.999 -0.0439 0 80.dat
1 4 -115.566 -138.44 -233.477 -0.0413 0.9312 0.3622 0.016 -0.3619 0.9321 -0.999 -0.0443 0 80.dat
1 4 -110.422 -140.421 -233.722 -0.0416 0.9335 0.3563 0.0159 -0.3559 0.9344 -0.999 -0.0445 0 80.dat
1 4 -105.265 -142.369 -233.969 -0.0418 0.9359 0.3498 0.0156 -0.3495 0.9368 -0.999 -0.0447 0 80.dat
1 4 -100.093 -144.281 -234.215 -0.042 0.9384 0.3429 0.0153 -0.3426 0.9394 -0.999 -0.0447 0 80.dat
1 4 -94.9063 -146.153 -234.461 -0.0419 0.9411 0.3355 0.0149 -0.3352 0.942 -0.999 -0.0445 0 80.dat
1 4 -89.7037 -147.984 -234.706 -0.0418 0.9439 0.3276 0.0145 -0.3273 0.9448 -0.999 -0.0443 0 80.dat
1 4 -84.4844 -149.77 -234.95 -0.0415 0.9468 0.3191 0.014 -0.3188 0.9477 -0.999 -0.0438 0 80.dat
1 4 -79.2478 -151.508 -235.19 -0.0411 0.9498 0.3101 0.0134 -0.3098 0.9507 -0.9991 -0.0433 0 80.dat
1 4 -73.9932 -153.195 -235.428 -0.0406 0.9529 0.3005 0.0128 -0.3002 0.9538 -0.9991 -0.0426 0 80.dat
1 4 -68.7201 -154.828 -235.661 -0.0399 0.9561 0.2902 0.0121 -0.29 0.957 -0.9991 -0.0417 0 80.dat
1 4 -63.4279 -156.404 -235.889 -0.0391 0.9594 0.2793 0.0114 -0.2791 0.9602 -0.9992 -0.0407 0 80.dat
1 4 -58.1163 -157.917 -236.111 -0.0381 0.9627 0.2677 0.0106 -0.2675 0.9635 -0.9992 -0.0395 0 80.dat
1 4 -52.785 -159.366 -236.326 -0.0369 0.9661 0.2554 0.0098 -0.2552 0.9668 -0.9993 -0.0382 0 80.dat
1 4 -47.4339 -160.744 -236.534 -0.0356 0.9696 0.2423 0.0089 -0.2421 0.9702 -0.9993 -0.0367 0 80.dat
1 4 -42.0631 -162.048 -236.732 -0.0341 0.973 0.2284 0.008 -0.2282 0.9736 -0.9994 -0.035 0 80.dat
1 4 -36.6729 -163.274 -236.921 -0.0323 0.9764 0.2136 0.0071 -0.2135 0.9769 -0.9995 -0.0331 0 80.dat
1 4 -31.2636 -164.415 -237.099 -0.0304 0.9798 0.1979 0.0061 -0.1978 0.9802 -0.9995 -0.031 0 80.dat
1 4 -25.8359 -165.468 -237.264 -0.0282 0.983 0.1813 0.0052 -0.1812 0.9834 -0.9996 -0.0287 0 80.dat
1 4 -20.3905 -166.426 -237.417 -0.0258 0.9862 0.1636 0.0043 -0.1636 0.9865 -0.9997 -0.0261 0 80.dat
1 4 -14.9287 -167.284 -237.554 -0.0231 0.9892 0.1449 0.0034 -0.1449 0.9894 -0.9997 -0.0234 0 80.dat
1 4 -9.4517 -168.036 -237.676 -0.0202 0.9919 0.1251 0.0025 -0.1251 0.9921 -0.9998 -0.0204 0 80.dat
1 4 -3.9615 -168.675 -237.78 -0.017 0.9944 0.1042 0.0018 -0.1042 0.9946 -0.9999 -0.0171 0 80.dat
1 4 1.54 -169.195 -237.866 -0.0135 0.9965 0.082 0.0011 -0.082 0.9966 -0.9999 -0.0136 0 80.dat
1 4 7.0504 -169.59 -237.932 -0.0098 0.9982 0.0586 0.0006 -0.0586 0.9983 -1 -0.0098 0 80.dat
1 4 12.5666 -169.852 -237.976 -0.0057 0.9994 0.034 0.0002 -0.034 0.9994 -1 -0.0057 0 80.dat
1 4 18.0855 -169.957 -237.993 -0.0001 1 0.0007 0 -0.0007 1 -1 -0.0001 0 80.dat
1 4 23.5874 -169.966 -237.995 -0.0005 1 0.0027 0 -0.0027 1 -1 -0.0005 0 80.dat
1 4 29.0881 -169.983 -237.998 -0.0006 1 0.0035 0 -0.0035 1 -1 -0.0006 0 80.dat
1 4 34.5883 -169.997 -238 -0.0003 1 0.0015 0 -0.0015 1 -1 -0.0003 0 79.dat
1 4 -222.222 -93.0198 230.006 0.0021 -0.9214 0.3887 -0.0009 0.3887 0.9214 -1 -0.0022 0 79.dat
1 4 -217.14 -95.1747 230.029 0.006 0.9198 0.3924 -0.0025 -0.3924 0.9198 -1 0.0065 0 80.dat
1 4 -212.062 -97.3496 230.074 0.0095 0.9185 0.3954 -0.0041 -0.3954 0.9185 -0.9999 0.0104 0 80.dat
1 4 -206.989 -99.5406 230.14 0.0128 0.9174 0.3978 -0.0056 -0.3978 0.9175 -0.9999 0.014 0 80.dat
1 4 -201.92 -101.744 230.226 0.0159 0.9165 0.3996 -0.0069 -0.3996 0.9167 -0.9999 0.0173 0 80.dat
1 4 -196.854 -103.956 230.329 0.0187 0.9159 0.4009 -0.0082 -0.4008 0.9161 -0.9998 0.0204 0 80.dat
1 4 -191.791 -106.175 230.449 0.0212 0.9155 0.4017 -0.0093 -0.4016 0.9158 -0.9997 0.0232 0 80.dat
1 4 -186.73 -108.396 230.584 0.0236 0.9153 0.402 -0.0104 -0.4019 0.9156 -0.9997 0.0258 0 80.dat
1 4 -181.67 -110.617 230.732 0.0258 0.9153 0.4019 -0.0113 -0.4017 0.9157 -0.9996 0.0282 0 80.dat
1 4 -176.61 -112.836 230.893 0.0278 0.9155 0.4013 -0.0122 -0.4011 0.916 -0.9995 0.0304 0 80.dat
1 4 -171.549 -115.05 231.066 0.0297 0.9159 0.4003 -0.013 -0.4001 0.9164 -0.9995 0.0324 0 80.dat
1 4 -166.487 -117.257 231.25 0.0314 0.9165 0.3988 -0.0136 -0.3986 0.917 -0.9994 0.0342 0 80.dat
1 4 -161.422 -119.454 231.443 0.0329 0.9172 0.397 -0.0142 -0.3967 0.9178 -0.9994 0.0359 0 80.dat
1 4 -156.354 -121.64 231.644 0.0343 0.9182 0.3947 -0.0148 -0.3945 0.9188 -0.9993 0.0374 0 80.dat
1 4 -151.282 -123.811 231.854 0.0356 0.9192 0.3921 -0.0152 -0.3918 0.9199 -0.9992 0.0387 0 80.dat
1 4 -146.204 -125.966 232.071 0.0368 0.9205 0.389 -0.0155 -0.3887 0.9212 -0.9992 0.0399 0 80.dat
1 4 -141.119 -128.103 232.294 0.0378 0.9219 0.3856 -0.0158 -0.3853 0.9227 -0.9992 0.041 0 80.dat
1 4 -136.028 -130.22 232.523 0.0387 0.9235 0.3817 -0.016 -0.3814 0.9243 -0.9991 0.0419 0 80.dat
1 4 -130.927 -132.314 232.756 0.0395 0.9252 0.3775 -0.0161 -0.3772 0.926 -0.9991 0.0427 0 80.dat
1 4 -125.818 -134.384 232.993 0.0402 0.927 0.3728 -0.0162 -0.3725 0.9279 -0.9991 0.0434 0 80.dat
1 4 -120.698 -136.426 233.234 0.0408 0.929 0.3677 -0.0161 -0.3674 0.9299 -0.999 0.0439 0 80.dat
1 4 -115.566 -138.44 233.477 0.0413 0.9312 0.3622 -0.016 -0.3619 0.9321 -0.999 0.0443 0 80.dat
1 4 -110.422 -140.421 233.722 0.0416 0.9335 0.3563 -0.0159 -0.3559 0.9344 -0.999 0.0445 0 80.dat
1 4 -105.265 -142.369 233.968 0.0418 0.9359 0.3498 -0.0156 -0.3495 0.9368 -0.999 0.0447 0 80.dat
1 4 -100.093 -144.281 234.214 0.042 0.9384 0.3429 -0.0153 -0.3426 0.9394 -0.999 0.0447 0 80.dat
1 4 -94.9062 -146.153 234.461 0.0419 0.9411 0.3355 -0.0149 -0.3352 0.942 -0.999 0.0445 0 80.dat
1 4 -89.7037 -147.984 234.706 0.0418 0.9439 0.3276 -0.0145 -0.3273 0.9448 -0.999 0.0442 0 80.dat
1 4 -84.4844 -149.77 234.949 0.0415 0.9468 0.3191 -0.014 -0.3188 0.9477 -0.999 0.0438 0 80.dat
1 4 -79.2478 -151.508 235.19 0.0411 0.9498 0.3101 -0.0134 -0.3098 0.9507 -0.9991 0.0433 0 80.dat
1 4 -73.9932 -153.195 235.427 0.0406 0.9529 0.3005 -0.0128 -0.3002 0.9538 -0.9991 0.0426 0 80.dat
1 4 -68.7201 -154.828 235.66 0.0399 0.9561 0.2902 -0.0121 -0.29 0.957 -0.9991 0.0417 0 80.dat
1 4 -63.4279 -156.404 235.888 0.0391 0.9594 0.2793 -0.0114 -0.2791 0.9602 -0.9992 0.0407 0 80.dat
1 4 -58.1163 -157.917 236.11 0.0381 0.9627 0.2677 -0.0106 -0.2675 0.9635 -0.9992 0.0395 0 80.dat
1 4 -52.785 -159.366 236.325 0.0369 0.9661 0.2554 -0.0098 -0.2552 0.9668 -0.9993 0.0382 0 80.dat
1 4 -47.4339 -160.744 236.533 0.0356 0.9696 0.2423 -0.0089 -0.2421 0.9702 -0.9993 0.0367 0 80.dat
1 4 -42.0631 -162.048 236.731 0.034 0.973 0.2284 -0.008 -0.2282 0.9736 -0.9994 0.035 0 80.dat
1 4 -36.6728 -163.274 236.92 0.0323 0.9764 0.2136 -0.0071 -0.2135 0.9769 -0.9995 0.0331 0 80.dat
1 4 -31.2636 -164.415 237.098 0.0304 0.9798 0.1979 -0.0061 -0.1978 0.9802 -0.9995 0.031 0 80.dat
1 4 -25.8358 -165.468 237.263 0.0282 0.983 0.1813 -0.0052 -0.1812 0.9834 -0.9996 0.0287 0 80.dat
1 4 -20.3904 -166.426 237.416 0.0258 0.9862 0.1636 -0.0043 -0.1636 0.9865 -0.9997 0.0261 0 80.dat
1 4 -14.9286 -167.284 237.553 0.0231 0.9892 0.1449 -0.0034 -0.1449 0.9894 -0.9997 0.0234 0 80.dat
1 4 -9.4517 -168.036 237.675 0.0202 0.9919 0.1251 -0.0025 -0.1251 0.9921 -0.9998 0.0204 0 80.dat
1 4 -3.9614 -168.675 237.78 0.017 0.9944 0.1042 -0.0018 -0.1042 0.9946 -0.9999 0.0171 0 80.dat
1 4 1.5401 -169.195 237.865 0.0135 0.9965 0.082 -0.0011 -0.082 0.9966 -0.9999 0.0136 0 80.dat
1 4 7.0504 -169.59 237.931 0.0098 0.9982 0.0586 -0.0006 -0.0586 0.9983 -1 0.0098 0 80.dat
1 4 12.5666 -169.852 237.975 0.0057 0.9994 0.034 -0.0002 -0.034 0.9994 -1 0.0057 0 80.dat
1 4 18.0855 -169.957 237.992 0.0001 1 0.0007 0 -0.0007 1 -1 0.0001 0 80.dat
1 4 23.5874 -169.966 237.994 0.0005 1 0.0027 0 -0.0027 1 -1 0.0005 0 80.dat
1 4 29.0881 -169.983 237.997 0.0006 1 0.0035 0 -0.0035 1 -1 0.0006 0 80.dat
1 4 34.5882 -169.997 237.999 0.0003 1 0.0015 0 -0.0015 1 -1 0.0003 0 79.dat
1 4 305.881 -218 -135.659 0.9239 -0.3827 0 0 0 1 -0.3827 -0.9239 0 79.dat
1 4 307.987 -218 -130.576 0.9239 0.3827 0 0 0 1 -0.3827 0.9239 0 80.dat
1 4 310.092 -218 -125.494 0.9238 0.3828 0 0 0 1 -0.3828 0.9238 0 80.dat
1 4 312.198 -218 -120.411 0.9239 0.3827 0 0 0 1 -0.3827 0.9239 0 80.dat
1 4 314.303 -218 -115.329 0.9239 0.3827 0 0 0 1 -0.3827 0.9239 0 80.dat
1 4 316.391 -218 -110.238 0.9269 0.3754 0 0 0 1 -0.3754 0.9269 0 80.dat
1 4 318.423 -218 -105.115 0.9327 0.3607 0 0 0 1 -0.3607 0.9327 0 80.dat
1 4 320.373 -218 -99.9584 0.9384 0.3455 0 0 0 1 -0.3455 0.9384 0 80.dat
1 4 322.24 -218 -94.7696 0.944 0.3299 0 0 0 1 -0.3299 0.944 0 80.dat
1 4 324.019 -218 -89.5496 0.9495 0.3139 0 0 0 1 -0.3139 0.9495 0 80.dat
1 4 325.709 -218 -84.2995 0.9547 0.2975 0 0 0 1 -0.2975 0.9547 0 80.dat
1 4 327.309 -218 -79.0204 0.9598 0.2808 0 0 0 1 -0.2808 0.9598 0 80.dat
1 4 328.815 -218 -73.7138 0.9646 0.2636 0 0 0 1 -0.2636 0.9646 0 80.dat
1 4 330.225 -218 -68.3811 0.9692 0.2461 0 0 0 1 -0.2461 0.9692 0 80.dat
1 4 331.538 -218 -63.0238 0.9736 0.2282 0 0 0 1 -0.2282 0.9736 0 80.dat
1 4 332.751 -218 -57.6433 0.9777 0.21 0 0 0 1 -0.21 0.9777 0 80.dat
1 4 333.863 -218 -52.2416 0.9815 0.1914 0 0 0 1 -0.1914 0.9815 0 80.dat
1 4 334.872 -218 -46.82 0.985 0.1726 0 0 0 1 -0.1726 0.985 0 80.dat
1 4 335.775 -218 -41.3807 0.9882 0.1534 0 0 0 1 -0.1534 0.9882 0 80.dat
1 4 336.572 -218 -35.9253 0.991 0.134 0 0 0 1 -0.134 0.991 0 80.dat
1 4 337.262 -218 -30.4558 0.9935 0.1143 0 0 0 1 -0.1143 0.9935 0 80.dat
1 4 337.842 -218 -24.9743 0.9955 0.0944 0 0 0 1 -0.0944 0.9955 0 80.dat
1 4 338.312 -218 -19.4826 0.9972 0.0743 0 0 0 1 -0.0743 0.9972 0 80.dat
1 4 338.67 -218 -13.9831 0.9985 0.054 0 0 0 1 -0.054 0.9985 0 80.dat
1 4 338.917 -218 -8.4779 0.9994 0.0336 0 0 0 1 -0.0336 0.9994 0 80.dat
1 4 339.051 -218 -2.9689 0.9999 0.0131 0 0 0 1 -0.0131 0.9999 0 80.dat
1 4 339.072 -218 2.5415 1 -0.0074 0 0 0 1 0.0074 1 0 80.dat
1 4 338.979 -218 8.0515 0.9996 -0.028 0 0 0 1 0.028 0.9996 0 80.dat
1 4 338.773 -218 13.5582 0.9988 -0.0486 0 0 0 1 0.0486 0.9988 0 80.dat
1 4 338.454 -218 19.0596 0.9976 -0.0692 0 0 0 1 0.0692 0.9976 0 80.dat
1 4 338.022 -218 24.5536 0.996 -0.0896 0 0 0 1 0.0896 0.996 0 80.dat
1 4 337.477 -218 30.038 0.9939 -0.11 0 0 0 1 0.11 0.9939 0 80.dat
1 4 336.82 -218 35.5107 0.9915 -0.1303 0 0 0 1 0.1303 0.9915 0 80.dat
1 4 336.051 -218 40.9695 0.9886 -0.1503 0 0 0 1 0.1503 0.9886 0 80.dat
1 4 335.173 -218 46.4122 0.9854 -0.1702 0 0 0 1 0.1702 0.9854 0 80.dat
1 4 334.185 -218 51.8368 0.9818 -0.1899 0 0 0 1 0.1899 0.9818 0 80.dat
1 4 333.089 -218 57.2413 0.9779 -0.2093 0 0 0 1 0.2093 0.9779 0 80.dat
1 4 331.888 -218 62.6237 0.9736 -0.2284 0 0 0 1 0.2284 0.9736 0 80.dat
1 4 330.581 -218 67.9822 0.969 -0.2472 0 0 0 1 0.2472 0.969 0 80.dat
1 4 329.171 -218 73.3149 0.9641 -0.2657 0 0 0 1 0.2657 0.9641 0 80.dat
1 4 327.66 -218 78.6201 0.9589 -0.2838 0 0 0 1 0.2838 0.9589 0 80.dat
1 4 326.05 -218 83.8959 0.9534 -0.3016 0 0 0 1 0.3016 0.9534 0 80.dat
1 4 324.343 -218 89.141 0.9477 -0.3191 0 0 0 1 0.3191 0.9477 0 80.dat
1 4 322.54 -218 94.3538 0.9418 -0.3361 0 0 0 1 0.3361 0.9418 0 80.dat
1 4 320.645 -218 99.5327 0.9357 -0.3527 0 0 0 1 0.3527 0.9357 0 80.dat
1 4 318.66 -218 104.676 0.9294 -0.369 0 0 0 1 0.369 0.9294 0 80.dat
1 4 316.592 -218 109.786 0.9239 -0.3826 0 0 0 1 0.3826 0.9239 0 80.dat
1 4 314.486 -218 114.871 0.9239 -0.3825 0 0 0 1 0.3825 0.9239 0 80.dat
1 4 312.382 -218 119.953 0.924 -0.3824 0 0 0 1 0.3824 0.924 0 80.dat
1 4 310.279 -218 125.036 0.924 -0.3824 0 0 0 1 0.3824 0.924 0 80.dat
1 4 308.175 -218 130.118 0.9239 -0.3825 0 0 0 1 0.3825 0.9239 0 80.dat
1 4 306.07 -218 135.201 0.9239 -0.3826 0 0 0 1 0.3826 0.9239 0 79.dat