0 8851 - technicChainTread17Closed-1
0 Name: 8851 - technicChainTread17Closed-1.mpd
0 Author: QK Lego Builder
0 !LDRAW_ORG Unofficial_Model

1 0 -48.686629 -15.80136 0 0 0.987585 -0.157086 0 0.157086 0.987585 1 0 0 3873.dat
1 0 -41.417994 -30.055024 0 0 0.890854 -0.45429 0 0.45429 0.890854 1 0 0 3873.dat
1 0 -30.103244 -41.367691 0 0 0.707042 -0.707172 0 0.707172 0.707042 1 0 0 3873.dat
1 0 -15.847683 -48.632605 0 0 0.454057 -0.890973 0 0.890973 0.454057 1 0 0 3873.dat
1 0 -0.094931 -51.434537 0 0 0.175121 -0.984547 0 0.984547 0.175121 1 0 0 3873.dat
1 0 15.807572 -53.198164 0 0 0.110227 -0.993906 0 0.993906 0.110227 1 0 0 3873.dat
1 0 31.715366 -54.913418 0 0 0.107203 -0.994237 0 0.994237 0.107203 1 0 0 3873.dat
1 0 47.623298 -56.627391 0 0 0.107123 -0.994246 0 0.994246 0.107123 1 0 0 3873.dat
1 0 63.53123 -58.341358 0 0 0.107123 -0.994246 0 0.994246 0.107123 1 0 0 3873.dat
1 0 79.445963 -59.990991 0 0 0.103102 -0.994671 0 0.994671 0.103102 1 0 0 3873.dat
1 0 95.445961 -59.99959 0 0 0.000537 -1 0 1 0.000537 1 0 0 3873.dat
1 0 111.445961 -59.999981 0 0 0.000024 -1 0 1 0.000024 1 0 0 3873.dat
1 0 127.445961 -59.999999 0 0 0.000001 -1 0 1 0.000001 1 0 0 3873.dat
1 0 143.445961 -60 0 0 0 -1 0 1 0 1 0 0 3873.dat
1 0 159.445961 -60 0 0 0 -1 0 1 0 1 0 0 3873.dat
1 0 175.445961 -60 0 0 0 -1 0 1 0 1 0 0 3873.dat
1 0 191.445961 -60 0 0 0 -1 0 1 0 1 0 0 3873.dat
1 0 207.431145 -59.311601 0 0 -0.043025 -0.999074 0 0.999074 -0.043025 1 0 0 3873.dat
1 0 223.339438 -57.600984 0 0 -0.106914 -0.994268 0 0.994268 -0.106914 1 0 0 3873.dat
1 0 239.247382 -55.887124 0 0 -0.107116 -0.994247 0 0.994247 -0.107116 1 0 0 3873.dat
1 0 255.155314 -54.173158 0 0 -0.107123 -0.994246 0 0.994246 -0.107123 1 0 0 3873.dat
1 0 271.063247 -52.459192 0 0 -0.107123 -0.994246 0 0.994246 -0.107123 1 0 0 3873.dat
1 0 286.967856 -50.714658 0 0 -0.109033 -0.994038 0 0.994038 -0.109033 1 0 0 3873.dat
1 0 302.27072 -46.043216 0 0 -0.291965 -0.956429 0 0.956429 -0.291965 1 0 0 3873.dat
1 0 315.403587 -36.903861 0 0 -0.57121 -0.820804 0 0.820804 -0.57121 1 0 0 3873.dat
1 0 325.070388 -24.154235 0 0 -0.796852 -0.604175 0 0.604175 -0.796852 1 0 0 3873.dat
1 0 330.324018 -9.041348 0 0 -0.944555 -0.328352 0 0.328352 -0.944555 1 0 0 3873.dat
1 0 330.721486 6.953714 0 0 -0.999691 -0.024842 0 0.024842 -0.999691 1 0 0 3873.dat
1 0 326.090506 22.268871 0 0 -0.957197 0.289436 0 -0.289436 -0.957197 1 0 0 3873.dat
1 0 316.957669 35.406272 0 0 -0.821088 0.570802 0 -0.570802 -0.821088 1 0 0 3873.dat
1 0 304.214809 45.08199 0 0 -0.604732 0.796429 0 -0.796429 -0.604732 1 0 0 3873.dat
1 0 289.106883 50.349869 0 0 -0.329242 0.944245 0 -0.944245 -0.329242 1 0 0 3873.dat
1 0 273.126323 51.138364 0 0 -0.049281 0.998785 0 -0.998785 -0.049281 1 0 0 3873.dat
1 0 257.126431 51.19696 0 0 -0.003662 0.999993 0 -0.999993 -0.003662 1 0 0 3873.dat
1 0 241.126431 51.199962 0 0 -0.000188 1 0 -1 -0.000188 1 0 0 3873.dat
1 0 225.126431 51.199996 0 0 -0.000002 1 0 -1 -0.000002 1 0 0 3873.dat
1 0 209.126431 51.199999 0 0 0 1 0 -1 0 1 0 0 3873.dat
1 0 193.126431 51.2 0 0 0 1 0 -1 0 1 0 0 3873.dat
1 0 177.126431 51.2 0 0 0 1 0 -1 0 1 0 0 3873.dat
1 0 161.126431 51.2 0 0 0 1 0 -1 0 1 0 0 3873.dat
1 0 145.126431 51.2 0 0 0 1 0 -1 0 1 0 0 3873.dat
1 0 129.126431 51.2 0 0 0 1 0 -1 0 1 0 0 3873.dat
1 0 113.126431 51.2 0 0 0 1 0 -1 0 1 0 0 3873.dat
1 0 97.126431 51.2 0 0 0 1 0 -1 0 1 0 0 3873.dat
1 0 81.126431 51.2 0 0 0 1 0 -1 0 1 0 0 3873.dat
1 0 65.126431 51.2 0 0 0 1 0 -1 0 1 0 0 3873.dat
1 0 49.126431 51.2 0 0 0 1 0 -1 0 1 0 0 3873.dat
1 0 33.126431 51.2 0 0 0 1 0 -1 0 1 0 0 3873.dat
1 0 17.126431 51.2 0 0 0 1 0 -1 0 1 0 0 3873.dat
1 0 1.126431 51.2 0 0 0 1 0 -1 0 1 0 0 3873.dat
1 0 -14.721223 48.997303 0 0 0.137669 0.990478 0 -0.990478 0.137669 1 0 0 3873.dat
1 0 -29.135328 42.052264 0 0 0.434065 0.900882 0 -0.900882 0.434065 1 0 0 3873.dat
1 0 -40.699758 30.994961 0 0 0.691081 0.722777 0 -0.722777 0.691081 1 0 0 3873.dat
1 0 -48.282963 16.906135 0 0 0.880552 0.47395 0 -0.47395 0.880552 1 0 0 3873.dat
1 0 -51.143096 1.163847 0 0 0.983893 0.178758 0 -0.178758 0.983893 1 0 0 3873.dat