0 8851 - arm
0 Name: 8851 - arm.mpd
0 Author: QK Lego Builder
0 !LDRAW_ORG Unofficial_Model

1 7 -18 -27 0 1 0 0 0 0 1 0 -1 0 3703.dat
1 7 -138 -17 -10 0 -1 0 -1 0 0 0 0 -1 3673.dat
1 7 -201.64 -7 -59.497 0.707 0.707 0 0 0 1 0.707 -0.707 0 3703.dat
1 0 -158 -37 -10 0 0.707 0.707 -1 0 0 0 -0.707 0.707 4459.dat
1 0 82 -17 -10 0 0.707 0.707 -1 0 0 0 -0.707 0.707 4459.dat
1 0 122 -17 -10 0 0.707 0.707 -1 0 0 0 -0.707 0.707 4459.dat
1 7 131.497 -7 -73.64 -0.707 0.707 0 0 0 1 0.707 0.707 0 3703.dat
1 7 157.355 -7 -31.213 -0.707 -0.707 0 0 0 -1 0.707 -0.707 0 3894.dat
1 0 178.569 -37 -66.569 0 -0.707 0.707 -1 0 0 0 -0.707 -0.707 3705.dat
1 0 195.137 -37 -123.137 0 -0.707 0.707 -1 0 0 0 -0.707 -0.707 3705.dat
1 7 187.001 -25 -95.359 -0.281 0 -0.96 0 1 0 0.96 0 -0.281 4263.dat
1 0 39.574 -37 32.426 0 1 0 1 0 0 0 0 -1 3706.dat
1 7 39.574 13 32.426 -1 0 0 0 0 -1 0 -1 0 3713.dat
1 7 195.137 -39 -123.137 -0.707 0.707 0 0 0 -1 -0.707 -0.707 0 3713.dat
1 7 178.569 -39 -66.569 -0.707 0.707 0 0 0 -1 -0.707 -0.707 0 3713.dat
1 16 178.569 -40 -66.569 -0.707 0.707 0 0 0 -1 -0.707 -0.707 0 8851 - rubberBandSquare-1.mpd
1 16 178.569 -44 -66.569 -0.707 0.707 0 0 0 -1 -0.707 -0.707 0 8851 - rubberBandSquare-1.mpd
1 0 -95.574 -37 32.426 0 1 0 1 0 0 0 0 -1 337.dat
1 7 -65.426 -37 32.426 0 1 0 1 0 0 0 0 -1 128.dat
1 7 -56.426 -37 32.426 0 1 0 1 0 0 0 0 -1 127.dat
1 7 25.574 -37 32.426 0 1 0 1 0 0 0 0 -1 4701.dat
1 0 -95.574 -37 32.426 0 0.707 -0.707 1 0 0 0 -0.707 -0.707 3705.dat
1 7 -95.574 -52 32.426 0.707 0.707 0 0 0 -1 -0.707 0.707 0 4265a.dat
1 7 -95.574 -22 32.426 -0.707 0.707 0 0 0 1 0.707 0.707 0 4265a.dat
1 7 -208.711 13 -80.711 0.319 0.948 0 0 0 -1 -0.948 0.319 0 3713.dat
1 7 -221.976 -37 -85.187 0 0.948 0.32 1 0 0 0 0.32 -0.948 4701.dat
1 0 -208.711 -37 -80.711 0 0.948 0.32 1 0 0 0 0.32 -0.948 3706.dat
1 7 -299.671 -37 -111.407 0 0.948 0.32 1 0 0 0 0.32 -0.948 127.dat
1 0 -336.763 -37 -123.924 0 0.948 0.32 1 0 0 0 0.32 -0.948 337.dat
1 7 -336.763 -7 -123.924 0.72 0.694 0 0 0 -1 -0.694 0.72 0 4265a.dat
1 0 -336.763 -36 -123.924 0 0.72 -0.694 1 0 0 0 -0.694 -0.72 3705.dat
1 7 -307.251 -37 -113.965 0 0.948 0.32 1 0 0 0 0.32 -0.948 128.dat
1 7 -357.582 -18 -145.524 0.694 0 -0.72 0 1 0 0.72 0 0.694 4263.dat
1 7 -315.163 -48 -144.744 0.72 0 -0.694 0 -1 0 -0.694 0 -0.72 4263.dat
1 7 -357.582 -56 -145.524 -0.694 0 -0.72 0 -1 0 -0.72 0 0.694 4263.dat
1 7 -336.763 -67 -123.924 0.72 -0.694 0 0 0 1 -0.694 -0.72 0 4265a.dat
1 7 -315.163 -26 -144.744 0.72 0 0.694 0 1 0 -0.694 0 0.72 4263.dat
1 7 -18 -47 0 1 0 0 0 0 1 0 -1 0 3703.dat
1 7 -138 -57 -10 0 -1 0 -1 0 0 0 0 -1 3673.dat
1 7 -168 -37 24 0 0 1 -1 0 0 0 -1 0 3700.dat
1 7 -293.563 -37 -165.563 0 -0.963 0.27 1 0 0 0 0.27 0.963 4700.dat
1 0 -378.402 -36 -167.124 0 0.72 -0.694 1 0 0 0 -0.694 -0.72 3705.dat
1 7 -378.402 -67 -167.124 0.72 -0.694 0 0 0 1 -0.694 -0.72 0 4265a.dat
1 7 -378.402 -7 -167.124 0.72 0.694 0 0 0 -1 -0.694 0.72 0 4265a.dat
1 7 -201.64 -67 -59.497 0.707 0.707 0 0 0 1 0.707 -0.707 0 3703.dat
1 0 82 -57 -10 0 0.707 0.707 -1 0 0 0 -0.707 0.707 4459.dat
1 0 122 -57 -10 0 0.707 0.707 -1 0 0 0 -0.707 0.707 4459.dat
1 0 -293.563 -37 -165.563 0 0.048 -0.999 1 0 0 0 -0.999 -0.048 3706.dat
1 7 -208.711 -87 -80.711 -0.948 -0.32 0 0 0 1 -0.32 0.948 0 3713.dat
1 7 157.355 -67 -31.213 -0.707 -0.707 0 0 0 -1 0.707 -0.707 0 3894.dat
1 7 187.001 -49 -95.359 -0.281 0 0.96 0 -1 0 0.96 0 0.281 4263.dat
1 7 -293.563 -37 -165.563 -0.999 -0.048 0 0 0 1 -0.048 0.999 0 3713.dat
1 7 -293.563 -91 -165.563 0.048 -0.999 0 0 0 1 -0.999 -0.048 0 4265a.dat
1 7 -293.563 16 -165.563 -0.999 0.048 0 0 0 -1 -0.048 -0.999 0 4265a.dat