0 9470 - Frodo
0 Name: 9470 - Frodo.mpd
0 Author: QK Lego Builder
0 !LDRAW_ORG Unofficial_Model

1 15 0 -96 0 1 0 0 0 1 0 0 0 1 10048.dat
1 15 0 -96 0 1 0 0 0 1 0 0 0 -1 3626cpm3.dat
1 15 0 -72 0 1 0 0 0 1 0 0 0 1 973pm3.dat
1 15 -15.60041 -63.0359 0 0.98547 -0.16987 0 0.16987 0.98547 0 0 0 1 3818.DAT.dat
1 15 -23.7382 -45.2599 -9.89949 0.99276 -0.00044 0.12011 0.08462 0.71223 -0.69683 -0.08524 0.70195 0.70711 3820.DAT.dat
1 15 15.55203 -63 0 0.98547 0.16922 -0.0148 -0.16987 0.98172 -0.08589 0 0.08716 0.99619 3819.DAT.dat
1 15 23.82416 -44.44463 -8.21458 0.99148 -0.00519 -0.13013 -0.09568 0.64881 -0.75491 0.08834 0.76093 0.64279 3820.DAT.dat
1 15 0 -40 0 1 0 0 0 1 0 0 0 1 41879a.dat
1 15 -25.15 -39.75 -19.2 -0.99276 0.02965 -0.1164 -0.08462 0.51506 0.85296 0.08524 0.85664 -0.50882 10053.dat
1 15 21.51604 -34.33705 -18.77924 -0.03760732 -0.9974783 -0.06018779 0.4391254 0.03760731 -0.8976381 0.897638 -0.06018772 0.4366038 11010.DAT.dat