0 9470 - Sam
0 Name: 9470 - Sam.mpd
0 Author: QK Lego Builder
0 !LDRAW_ORG Unofficial_Model

1 15 0 -95.5 0 1 0 0 0 1 0 0 0 1 10048.DAT.dat
1 15 0 -95.5 0 -1 0 0 0 1 0 0 0 -1 3626CPM4.DAT.dat
1 15 0 -71.5 0 1 0 0 0 1 0 0 0 1 973PM4.DAT.dat
1 15 -15.60041 -62.53592 0 0.98481 -0.17365 0 0.17365 0.98481 0 0 0 1 3818.DAT.dat
1 15 -23.80647 -44.79132 -9.8995 0.98481 -0.12279 0.12279 0.17365 0.69636 -0.69636 0 0.70711 0.70711 3820.DAT.dat
1 15 15.60041 -62.53593 0.0029 0.98481 0.00303 0.17363 -0.17365 0.01719 0.98466 0 -1 0.01745 3819.DAT.dat
1 15 18.86292 -72.82693 -19.0699 0.98481 0.12491 0.12063 -0.17365 0.70841 0.6841 0 -0.69466 0.71934 3820.DAT.dat
1 15 0 -39.5 0 1 0 0 0 1 0 0 0 1 41879a.DAT.dat
1 15 18.5038 -74.8636 -28.6558 -0.16434 -0.15114 -0.97476 -0.46942 -0.85714 0.21204 -0.86755 0.49242 0.06991 30153.DAT.dat
1 15 -25.15 -39.75 -19.2 -0.99276 0.02965 -0.1164 -0.08462 0.51506 0.85296 0.08524 0.85664 -0.50882 10053.dat