0 9470 - Shelob
0 Name: 9470 - Shelob.mpd
0 Author: QK Lego Builder
0 !LDRAW_ORG Unofficial_Model

1 15 0 -16 0 0 0 -1 0 1 0 1 0 0 3795.DAT.dat
1 15 0 -24 50 -1 0 0 0 1 0 0 0 -1 3023.DAT.dat
1 0 -40 -24 40 -1 0 0 0 1 0 0 0 -1 2429.DAT.dat
1 0 -40 -24 40 -0.9816272 0 -0.190809 0 1 0 0.190809 0 -0.9816272 2430.DAT.dat
1 0 -40 -24 0 0.9396926 0 -0.3420201 0 1 0 0.3420201 0 0.9396926 2429.DAT.dat
1 0 -40 -24 0 1 0 0 0 1 0 0 0 1 2430.DAT.dat
1 0 40 -24 0 1 0 0 0 1 0 0 0 1 2429.DAT.dat
1 0 40 -24 0 0.9612617 0 0.2756373 0 1 0 -0.2756373 0 0.9612617 2430.DAT.dat
1 0 40 -24 40 -0.9902681 0 0.1391731 0 1 0 -0.1391731 0 -0.9902681 2429.DAT.dat
1 0 40 -24 40 -1 0 0 0 1 0 0 0 -1 2430.DAT.dat
1 4 10 -24 -40 0 0 -1 0 1 0 1 0 0 88072.DAT.dat
1 4 -10 -24 -40 0 0 1 0 1 0 -1 0 0 88072.DAT.dat
1 15 0 -24 -10 -1 0 0 0 1 0 0 0 -1 3023.DAT.dat
1 0 -40 -32 60 -1 0 0 0 1 0 0 0 -1 2429.DAT.dat
1 0 -40 -32 60 -0.6819984 0 -0.7313536 0 1 0 0.7313536 0 -0.6819984 2430.DAT.dat
1 0 40 -32 60 -0.6156615 0 0.7880107 0 1 0 -0.7880107 0 -0.6156615 2429.DAT.dat
1 0 40 -32 60 -1 0 0 0 1 0 0 0 -1 2430.DAT.dat
1 15 0 -32 20 1 0 0 0 1 0 0 0 1 3020.DAT.dat
1 0 -40 -32 -20 1 0 0 0 1 0 0 0 1 2430.DAT.dat
1 0 -40 -32 -20 0.7071068 0 -0.7071068 0 1 0 0.7071068 0 0.7071068 2429.DAT.dat
1 0 40 -32 -20 0.7431449 0 0.6691306 0 1 0 -0.6691306 0 0.7431449 2430.DAT.dat
1 0 40 -32 -20 1 0 0 0 1 0 0 0 1 2429.DAT.dat
1 4 0 -32 -30 -1 0 0 0 1 0 0 0 -1 3023.DAT.dat
1 4 -10 -24 -50 1 0 0 0 1 0 0 0 1 54200.DAT.dat
1 4 10 -24 -50 1 0 0 0 1 0 0 0 1 54200.DAT.dat
1 15 0 -40 20 1 0 0 0 1 0 0 0 1 3031.DAT.dat
1 4 0 -48 20 1 0 0 0 1 0 0 0 1 3022.DAT.dat
1 0 -30 -64 50 1 0 0 0 1 0 0 0 1 3005.DAT.dat
1 0 30 -64 50 1 0 0 0 1 0 0 0 1 3005.DAT.dat
1 15 30 -64 20 0 0 -1 0 1 0 1 0 0 3937.DAT.dat
1 15 -30 -64 20 0 0 1 0 1 0 -1 0 0 3937.DAT.dat
1 4 -10 -64 -10 1 0 0 0 1 0 0 0 1 60476.DAT.dat
1 4 10 -64 -10 1 0 0 0 1 0 0 0 1 60476.DAT.dat
1 15 0 -72 20 0 0 -1 0 1 0 1 0 0 48171.DAT.dat
1 0 0 -62 60 0 -1 0 -0.4848096 0 -0.8746197 0.8746197 0 -0.4848096 47455.DAT.dat
1 0 10 -96 50 0 0 -1 0 1 0 1 0 0 6091.DAT.dat
1 0 -10 -96 50 0 0 1 0 1 0 -1 0 0 6091.DAT.dat
1 15 0 -80 30 1 0 0 0 1 0 0 0 1 3023.DAT.dat
1 0 -10 -72 -10 1 0 0 0 1 0 0 0 1 49668.DAT.dat
1 0 10 -72 -10 1 0 0 0 1 0 0 0 1 49668.DAT.dat
1 0 -10 -96 20 1 0 0 0 1 0 0 0 1 61678.DAT.dat
1 0 10 -96 20 1 0 0 0 1 0 0 0 1 61678.DAT.dat
1 15 60.19334 -40 69.6036 0.6156615 0 -0.7880107 0 1 0 0.7880107 0 0.6156615 44302.DAT.dat
1 15 66.34995 -40 77.48371 -0.7880107 0 -0.6156615 0 1 0 0.6156615 0 -0.7880107 54200.DAT.dat
1 15 108.2874 -52.85555 131.1612 0.5624348 0.2504121 -0.7880107 -0.4067366 0.9135455 0 0.7198836 0.3205128 0.6156616 3710.DAT.dat
1 0 117.5328 -68.29865 142.9948 0.5624348 0.2504121 -0.7880107 -0.4067366 0.9135455 0 0.7198836 0.3205128 0.6156616 44301.DAT.dat
1 0 95.0354 -52.02919 114.1994 -0.5624348 0.2504121 0.7880107 0.4067366 0.9135455 0 -0.7198836 0.3205128 -0.6156616 44301.DAT.dat
1 15 104.2808 -67.47229 126.033 -0.5624348 0.2504121 0.7880107 0.4067366 0.9135455 0 -0.7198836 0.3205128 -0.6156616 3069B.DAT.dat
1 15 142.9673 -51.6073 175.5493 -0.2306308 -0.5708315 0.7880107 -0.9271837 0.3746067 0 -0.2951941 -0.7306308 -0.6156616 44302.DAT.dat
1 15 147.5339 -54.60416 181.3944 0.2306308 -0.5708315 -0.7880107 0.9271837 0.3746067 0 0.2951941 -0.7306308 0.6156616 44302.DAT.dat
1 0 170.4651 -12.44998 210.745 0.7880107 -0.5533528 -0.2698883 0 -0.4383711 0.8987941 -0.6156616 -0.7082593 -0.3454411 87747.DAT.dat
1 15 61.19709 -32 32.88078 0.9902681 0 -0.1391731 0 1 0 0.1391731 0 0.9902681 44302.DAT.dat
1 15 71.09977 -32 34.27251 -0.1391731 0 -0.9902681 0 1 0 0.9902681 0 -0.1391731 54200.DAT.dat
1 15 134.024 -55.29895 43.11593 0.7908633 0.5959581 -0.1391731 -0.6018149 0.7986355 0 0.1111486 0.08375646 0.9902681 3710.DAT.dat
1 0 145.0737 -73.72433 44.66886 0.7908633 0.5959581 -0.1391731 -0.6018149 0.7986355 0 0.1111486 0.08375646 0.9902681 44301.DAT.dat
1 0 113.4391 -49.65174 40.22291 -0.7908633 0.5959581 0.1391731 0.6018149 0.7986355 0 -0.1111486 0.08375646 -0.9902681 44301.DAT.dat
1 15 124.4887 -68.07712 41.77583 -0.7908633 0.5959581 0.1391731 0.6018149 0.7986355 0 -0.1111486 0.08375646 -0.9902681 3069B.DAT.dat
1 15 186.9899 -65.49646 50.5598 -0.5100256 -0.8488255 0.1391731 -0.8571674 0.5150379 0 -0.07167941 -0.1192946 -0.9902681 44302.DAT.dat
1 15 193.7805 -69.61677 51.51415 0.5100256 -0.8488255 -0.1391731 0.8571674 0.5150379 0 0.07167941 -0.1192946 0.9902681 44302.DAT.dat
1 0 227.5235 -19.4757 56.25643 0.1391731 -0.6496741 -0.7473649 0 -0.7547097 0.6560589 -0.9902681 -0.09130573 -0.1050353 87747.DAT.dat
1 15 61.98161 -32 4.09987 0.9612617 0 0.2756373 0 1 0 -0.2756373 0 0.9612617 44302.DAT.dat
1 15 71.59422 -32 1.343497 0.2756373 0 -0.9612617 0 1 0 0.9612617 0 0.2756373 54200.DAT.dat
1 15 135.6526 -48.99276 -17.02493 0.8407384 0.4660289 0.2756373 -0.4848096 0.8746197 0 -0.2410778 -0.1336316 0.9612617 3710.DAT.dat
1 0 148.7391 -65.68591 -20.77744 0.8407384 0.4660289 0.2756373 -0.4848096 0.8746197 0 -0.2410778 -0.1336316 0.9612617 44301.DAT.dat
1 0 115.1096 -46.29353 -11.13432 -0.8407384 0.4660289 -0.2756373 0.4848096 0.8746197 0 0.2410778 -0.1336316 -0.9612617 44301.DAT.dat
1 15 128.1961 -62.98668 -14.88683 -0.8407384 0.4660289 -0.2756373 0.4848096 0.8746197 0 0.2410778 -0.1336316 -0.9612617 3069B.DAT.dat
1 15 193.7838 -55.72547 -33.69378 -0.5785018 -0.7676977 -0.2756373 -0.7986355 0.601815 0 0.1658827 0.2201337 -0.9612617 44302.DAT.dat
1 15 199.9253 -60.53999 -35.45485 0.5785018 -0.7676977 0.2756373 0.7986355 0.601815 0 -0.1658827 0.2201337 0.9612617 44302.DAT.dat
1 0 240.155 -17.59645 -46.99052 -0.2756373 -0.7874195 -0.551357 0 -0.5735764 0.8191521 -0.9612617 0.2257889 0.158099 87747.DAT.dat
1 15 61.5542 -40 -25.95116 0.7431449 0 0.6691306 0 1 0 -0.6691306 0 0.7431449 44302.DAT.dat
1 15 68.98566 -40 -32.64247 0.6691306 0 -0.7431449 0 1 0 0.7431449 0 0.6691306 54200.DAT.dat
1 15 116.8435 -61.76392 -75.73383 0.6087486 0.4262504 0.6691306 -0.5735765 0.8191521 0 -0.5481197 -0.3837975 0.7431449 3710.DAT.dat
1 0 125.6085 -79.78865 -83.62587 0.6087486 0.4262504 0.6691306 -0.5735765 0.8191521 0 -0.5481197 -0.3837975 0.7431449 44301.DAT.dat
1 0 101.2585 -56.8456 -61.70107 -0.6087486 0.4262504 -0.6691306 0.5735765 0.8191521 0 0.5481197 -0.3837975 -0.7431449 44301.DAT.dat
1 15 110.0235 -74.87035 -69.59308 -0.6087486 0.4262504 -0.6691306 0.5735765 0.8191521 0 0.5481197 -0.3837975 -0.7431449 3069B.DAT.dat
1 15 152.663 -67.25318 -107.9859 -0.2172746 -0.7106729 -0.6691307 -0.9563048 0.2923718 0 0.1956349 0.6398928 -0.7431449 44302.DAT.dat
1 15 158.3484 -69.59212 -113.105 0.2172746 -0.7106729 0.6691307 0.9563048 0.2923718 0 -0.1956349 0.6398928 0.7431449 44302.DAT.dat
1 0 181.5991 -21.23282 -134.04 -0.6691307 -0.5856062 -0.4575258 0 -0.6156614 0.7880108 -0.7431449 0.527282 0.4119578 87747.DAT.dat
1 15 -60.9535 -40 67.80708 -0.6819984 0 -0.7313536 0 1 0 0.7313536 0 -0.6819984 44302.DAT.dat
1 15 -67.77349 -40 75.12062 -0.7313536 0 0.6819984 0 1 0 -0.6819984 0 -0.7313536 54200.DAT.dat
1 15 -113.443 -56.17588 124.0951 -0.6021689 -0.3201788 -0.7313536 -0.4694714 0.8829477 0 0.6457469 0.3433497 -0.6819984 3710.DAT.dat
1 0 -122.9249 -72.62888 134.2633 -0.6021689 -0.3201788 -0.7313536 -0.4694714 0.8829477 0 0.6457469 0.3433497 -0.6819984 44301.DAT.dat
1 0 -98.83815 -53.85002 108.4334 0.6021689 -0.3201788 0.7313536 0.4694714 0.8829477 0 -0.6457469 0.3433497 0.6819984 44301.DAT.dat
1 15 -108.3201 -70.30304 118.6015 0.6021689 -0.3201788 0.7313536 0.4694714 0.8829477 0 -0.6457469 0.3433497 0.6819984 3069B.DAT.dat
1 15 -149.9098 -57.44041 163.201 0.2332572 0.6408687 0.7313535 -0.9396924 0.3420203 0 -0.2501377 -0.6872473 0.6819984 44302.DAT.dat
1 15 -155.0367 -60.17659 168.699 -0.2332572 0.6408687 -0.7313535 0.9396924 0.3420203 0 0.2501377 -0.6872473 -0.6819984 44302.DAT.dat
1 0 -178.2801 -13.96679 193.6245 0.7313535 0.5654023 0.3813684 0 -0.5591926 0.8290374 0.6819984 -0.6063196 -0.4089674 87747.DAT.dat
1 15 -61.54063 -32 34 -0.9816272 0 -0.190809 0 1 0 0.190809 0 -0.9816272 44302.DAT.dat
1 15 -71.35691 -32 35.908 -0.190809 0 0.9816272 0 1 0 -0.9816272 0 -0.190809 54200.DAT.dat
1 15 -134.5728 -53.7639 48.19592 -0.8041019 -0.5630382 -0.190809 -0.5735763 0.8191521 0 0.1563016 0.1094435 -0.9816272 3710.DAT.dat
1 0 -146.1505 -71.78864 50.4464 -0.8041019 -0.5630382 -0.190809 -0.5735763 0.8191521 0 0.1563016 0.1094435 -0.9816272 44301.DAT.dat
1 0 -113.9864 -48.8456 44.19434 0.8041019 -0.5630382 0.190809 0.5735763 0.8191521 0 -0.1563016 0.1094435 0.9816272 44301.DAT.dat
1 15 -125.5642 -66.87033 46.44482 0.8041019 -0.5630382 0.190809 0.5735763 0.8191521 0 -0.1563016 0.1094435 0.9816272 3069B.DAT.dat
1 15 -190.2975 -64.26265 59.02771 0.576986 0.794153 0.190809 -0.8090169 0.5877852 0 -0.1121547 -0.1543677 0.9816272 44302.DAT.dat
1 15 -196.6507 -68.96492 60.26265 -0.576986 0.794153 -0.190809 0.8090169 0.5877852 0 0.1121547 -0.1543677 -0.9816272 44302.DAT.dat
1 0 -234.6274 -22.37689 67.64457 0.190809 0.7179166 0.669468 0 -0.6819983 0.7313536 0.9816271 -0.1395488 -0.1301314 87747.DAT.dat
1 15 -62.21405 -32 2.556523 -0.9396926 0 0.3420201 0 1 0 -0.3420201 0 -0.9396926 44302.DAT.dat
1 15 -71.61098 -32 -0.863677 0.3420201 0 0.9396926 0 1 0 -0.9396926 0 0.3420201 54200.DAT.dat
1 15 -133.9138 -49.80384 -23.54005 -0.8137978 -0.4698463 0.3420201 -0.5 0.8660254 0 -0.2961981 -0.17101 -0.9396926 3710.DAT.dat
1 0 -146.431 -66.73204 -28.09592 -0.8137978 -0.4698463 0.3420201 -0.5 0.8660254 0 -0.2961981 -0.17101 -0.9396926 44301.DAT.dat
1 0 -113.8791 -46.73205 -16.248 0.8137978 -0.4698463 -0.3420201 0.5 0.8660254 0 0.2961981 -0.17101 0.9396926 44301.DAT.dat
1 15 -126.3962 -63.66023 -20.80388 0.8137978 -0.4698463 -0.3420201 0.5 0.8660254 0 0.2961981 -0.17101 0.9396926 3069B.DAT.dat
1 15 -187.0955 -54.73099 -42.8966 0.455572 0.8218736 -0.3420201 -0.8746196 0.4848096 0 0.1658146 0.2991375 0.9396927 44302.DAT.dat
1 15 -193.6705 -58.60946 -45.2897 -0.455572 0.8218736 0.3420201 0.8746196 0.4848096 0 -0.1658146 0.2991375 -0.9396927 44302.DAT.dat
1 0 -229.8441 -14.06631 -58.45584 -0.3420201 0.7790405 0.5254695 0 -0.559193 0.8290374 0.9396927 0.2835475 0.1912552 87747.DAT.dat
1 15 -61.2132 -40 -27.07107 -0.7071068 0 0.7071068 0 1 0 -0.7071068 0 -0.7071068 44302.DAT.dat
1 15 -68.28427 -40 -34.14214 0.7071068 0 0.7071068 0 1 0 -0.7071068 0 0.7071068 54200.DAT.dat
1 15 -107.0921 -74.32088 -72.94997 -0.4255475 -0.5647206 0.7071068 -0.7986355 0.601815 0 -0.4255475 -0.5647205 -0.7071068 3710.DAT.dat
1 0 -111.0853 -95.10812 -76.94315 -0.4255475 -0.5647206 0.7071068 -0.7986355 0.601815 0 -0.4255475 -0.5647205 -0.7071068 44301.DAT.dat
1 0 -94.0634 -63.1627 -59.92126 0.4255475 -0.5647206 -0.7071068 0.7986355 0.601815 0 0.4255475 -0.5647205 0.7071068 44301.DAT.dat
1 15 -98.05658 -83.94993 -63.91444 0.4255475 -0.5647206 -0.7071068 0.7986355 0.601815 0 0.4255475 -0.5647205 0.7071068 3069B.DAT.dat
1 15 -146.2369 -117.2412 -112.0948 0.704416 0.06162831 -0.7071068 -0.08715563 0.9961947 0 0.7044159 0.06162837 0.7071068 44302.DAT.dat
1 15 -146.73 -125.2108 -112.5878 -0.704416 0.06162831 0.7071068 0.08715563 0.9961947 0 -0.7044159 0.06162837 -0.7071068 44302.DAT.dat
1 0 -187.6058 -107.5026 -153.4635 -0.7071068 0.6408564 0.2988361 0 -0.422618 0.9063079 0.7071068 0.6408563 0.2988362 87747.DAT.dat
1 0 30 -34 -40 -0.09584564 0.9953962 0 0 0 -1 -0.9953962 -0.09584564 0 53989.DAT.dat
1 0 -30 -34 -40 0.09584567 -0.9953962 0 0 0 1 -0.9953962 -0.09584564 0 53989.DAT.dat
1 15 44.275 -34 -79.55028 0 0.9953962 -0.09584564 1 0 0 0 -0.09584564 -0.9953962 53451.DAT.dat
1 15 -44.275 -34 -79.55027 0 -0.9953962 0.09584567 -1 0 0 0 -0.09584564 -0.9953962 53451.DAT.dat
1 15 0 -45.41358 -48.17342 -1 0 0 0 0.8571673 0.515038 0 0.515038 -0.8571673 48336.DAT.dat
1 0 0 -65.9856 -60.53433 1 0 0 0 0.8571672 -0.515038 0 0.5150379 0.8571673 47759pm0.DAT.dat
1 15 38.43391 -59.373 20 0 -0.8433914 -0.5372995 0 0.5372995 -0.8433914 1 0 0 6134.DAT.dat
1 0 34.43505 -80.53922 10 0.5372995 -0.8433914 0 0.8433914 0.5372995 0 0 0 1 49668.DAT.dat
1 15 39.80805 -72.10531 30 0.5372995 -0.8433914 0 0.8433914 0.5372995 0 0 0 1 3023.DAT.dat
1 0 51.92818 -67.96979 0 0.5372995 -0.8433914 0 0.8433914 0.5372995 0 0 0 1 61678.DAT.dat
1 15 -38.43391 -59.373 20 0 0.8433915 0.5372995 0 0.5372995 -0.8433915 -1 0 0 6134.DAT.dat
1 15 -39.80805 -72.10531 30 0.5372995 0.8433915 0 -0.8433915 0.5372995 0 0 0 1 3023.DAT.dat
1 0 -34.43506 -80.53922 10 0.5372995 0.8433915 0 -0.8433915 0.5372995 0 0 0 1 49668.DAT.dat
1 0 -51.92818 -67.9698 0 0.5372995 0.8433915 0 -0.8433915 0.5372995 0 0 0 1 61678.DAT.dat
1 15 0 -8 40 1 0 0 0 1 0 0 0 1 4600.DAT.dat
1 15 32 -3 40 0 0 -1 0 1 0 1 0 0 4624.DAT.dat
1 15 -32 -3 40 0 0 1 0 1 0 -1 0 0 4624.DAT.dat
1 15 0 -170.1286 228.5059 -1 0 0 0 0.8660254 0.5 0 0.5 -0.8660254 42021.DAT.dat
1 4 0 -87.41578 149.2431 -1 0 0 0 0.8660254 0.5 0 0.5 -0.8660254 3023.DAT.dat
1 4 0 -94.34398 145.2431 -1 0 0 0 0.8660254 0.5 0 0.5 -0.8660254 3023.DAT.dat
1 15 30 -105.1286 115.9226 1 0 0 0 0.8660254 -0.5 0 0.5 0.8660254 3665.DAT.dat
1 15 -30 -105.1286 115.9226 1 0 0 0 0.8660254 -0.5 0 0.5 0.8660254 3665.DAT.dat
1 15 0 -100.1286 107.2623 0 0 1 0.5 0.8660254 0 -0.8660254 0.5 0 48169.DAT.dat
1 0 -60 -130.1286 159.2238 -1 0 0 0 0.8660254 0.5 0 0.5 -0.8660254 41765.DAT.dat
1 0 60 -130.1286 159.2238 -1 0 0 0 0.8660254 0.5 0 0.5 -0.8660254 41764.DAT.dat
1 15 0 -117.0568 120.5828 -1 0 0 0 0.8660254 0.5 0 0.5 -0.8660254 3034.DAT.dat
1 15 -30 -115.9132 86.60207 0 0 -1 -0.5 0.8660254 0 0.8660254 0.5 0 3665.DAT.dat
1 15 30 -115.9132 86.60207 0 0 1 0.5 0.8660254 0 -0.8660254 0.5 0 3665.DAT.dat
1 15 50 -137.0568 155.2238 0 0 1 0.5 0.8660254 0 -0.8660254 0.5 0 99781.DAT.dat
1 4 28 -128.3965 160.2238 0 1 0 -0.5 0 0.8660254 0.8660254 0 0.5 3023.DAT.dat
1 2 20 -128.3965 160.2238 0 1 0 -0.5 0 0.8660254 0.8660254 0 0.5 3069B.DAT.dat
1 15 -50 -137.0568 155.2238 0 0 -1 -0.5 0.8660254 0 0.8660254 0.5 0 99781.DAT.dat
1 4 -28 -128.3965 160.2238 0 -1 0 0.5 0 0.8660254 -0.8660254 0 0.5 3023.DAT.dat
1 2 -20 -128.3965 160.2238 0 -1 0 0.5 0 0.8660254 -0.8660254 0 0.5 3069B.DAT.dat
1 15 -30 -177.0568 224.5059 0 0 1 0.5 0.8660254 0 -0.8660254 0.5 0 43722.DAT.dat
1 15 30 -177.0568 224.5059 0 0 -1 -0.5 0.8660254 0 0.8660254 0.5 0 43723.DAT.dat
1 0 -50 -162.0568 198.5251 0 0 1 0.5 0.8660254 0 -0.8660254 0.5 0 49668.DAT.dat
1 0 50 -162.0568 198.5251 0 0 -1 -0.5 0.8660254 0 0.8660254 0.5 0 49668.DAT.dat
1 15 0 -122.8414 82.60207 -1 0 0 0 0.8660254 0.5 0 0.5 -0.8660254 3710.DAT.dat
1 4 -10 -178.985 211.8456 -1 0 0 0 0.8660254 0.5 0 0.5 -0.8660254 4073.DAT.dat
1 4 10 -178.985 211.8456 -1 0 0 0 0.8660254 0.5 0 0.5 -0.8660254 4073.DAT.dat
1 15 0 -109.344 171.2238 0 0 1 -0.8660254 0.5 0 -0.5 -0.8660254 0 87083.DAT.dat
1 15 0 -136.1908 155.7238 -1 0 0 0 0.5 -0.8660254 0 -0.8660254 -0.5 6589.DAT.dat
1 15 0 -124.9324 162.2238 0 0 1 -0.8660254 0.5 0 -0.5 -0.8660254 0 61510.DAT.dat
1 15 0 -107.6119 172.2238 0 0 1 -0.8660254 0.5 0 -0.5 -0.8660254 0 61510.DAT.dat
1 15 0 -152.0568 181.2046 -1 0 0 0 0.8660254 0.5 0 0.5 -0.8660254 6636.DAT.dat
1 15 0 -81.63116 187.2238 0 -1 0 -0.5 0 -0.8660254 0.8660254 0 -0.5 3650B.DAT.dat
1 0 50 -153.985 168.5444 -1 0 0 0 0.8660254 0.5 0 0.5 -0.8660254 54383.DAT.dat
1 0 -50 -153.985 168.5444 -1 0 0 0 0.8660254 0.5 0 0.5 -0.8660254 54384.DAT.dat
1 15 40 -118.985 107.9226 -1 0 0 0 0.8660254 0.5 0 0.5 -0.8660254 3710.DAT.dat
1 15 -40 -118.985 107.9226 -1 0 0 0 0.8660254 0.5 0 0.5 -0.8660254 3710.DAT.dat
1 4 0 -142.8414 117.2431 -1 0 0 0 0.8660254 0.5 0 0.5 -0.8660254 3700.DAT.dat
1 1 0 -139.1812 130.9034 0 0 -1 -0.5 0.8660254 0 0.8660254 0.5 0 43093.DAT.dat
1 15 0 -140.6812 133.5014 0 -1 0 0.8660254 0 -0.5 0.5 0 0.8660254 6589.DAT.dat
1 4 30 -135.9132 121.2431 -1 0 0 0 0.8660254 0.5 0 0.5 -0.8660254 4073.DAT.dat
1 4 -30 -135.9132 121.2431 -1 0 0 0 0.8660254 0.5 0 0.5 -0.8660254 4073.DAT.dat
1 0 -30 -122.8414 82.60207 0 0 1 0.5 0.8660254 0 -0.8660254 0.5 0 54200.DAT.dat
1 0 -10 -122.8414 82.60207 1 0 0 0 0.8660254 -0.5 0 0.5 0.8660254 54200.DAT.dat
1 0 10 -122.8414 82.60207 1 0 0 0 0.8660254 -0.5 0 0.5 0.8660254 54200.DAT.dat
1 0 30 -122.8414 82.60207 0 0 -1 -0.5 0.8660254 0 0.8660254 0.5 0 54200.DAT.dat
1 15 0 -135.9132 121.2431 0 0 -1 -0.5 0.8660254 0 0.8660254 0.5 0 93273.DAT.dat
1 0 50 -144.7696 104.5828 -1 0 0 0 0.8660254 0.5 0 0.5 -0.8660254 41747.DAT.dat
1 0 -50 -144.7696 104.5828 -1 0 0 0 0.8660254 0.5 0 0.5 -0.8660254 41748.DAT.dat
1 0 0 -165.5542 92.58284 -1 0 0 0 0.8660254 0.5 0 0.5 -0.8660254 41751.DAT.dat
1 15 1 -192.1549 244.6565 0 0 1 0.8660251 -0.4999998 0 0.4999999 0.8660249 0 30395.DAT.dat