0 A
0 Name: A.mpd
0 Author: QK Lego Builder
0 !LDRAW_ORG Unofficial_Model

1 7 406.795 -302 -120 0 0 1 0 1 0 -1 0 0 3673.dat
1 1 581.776 -185.488 60 0 -0.497296 -0.867581 0 0.867581 -0.497296 1 0 0 3710.dat
1 1 593.727 -206.301 -20 0 -0.497972 -0.867193 0 0.867193 -0.497972 1 0 0 3702.dat
1 1 581.685 -185.352 -100 0 -0.497972 -0.867193 0 0.867193 -0.497972 1 0 0 3710.dat
1 1 588.948 -218.082 60 0 -0.497972 -0.867193 0 0.867193 -0.497972 1 0 0 3020.dat
1 1 498.277 -261.012 90 0.867581 -0.497296 0 0.497296 0.867581 0 0 0 1 3895.dat
1 1 588.948 -218.082 -20 0 -0.497972 -0.867193 0 0.867193 -0.497972 1 0 0 3020.dat
1 1 588.948 -218.082 -100 0 -0.497972 -0.867193 0 0.867193 -0.497972 1 0 0 3020.dat
1 1 498.245 -260.941 -130 0.867193 -0.497972 0 0.497972 0.867193 0 0 0 1 3895.dat
1 7 580.062 -202.607 100 0 0 1 0 1 0 -1 0 0 3673.dat
1 7 406.546 -302.066 80 0 0 1 0 1 0 -1 0 0 3673.dat
1 7 579.984 -202.472 -140 0 0 1 0 1 0 -1 0 0 3673.dat
1 0 510.656 -242.391 70 0 0.707107 0.707107 0 0.707107 -0.707107 -1 0 0 3705.dat
1 7 620.25 -54.067 80 0 0 1 0 1 0 -1 0 0 3673.dat
1 7 620.25 -54.0671 40 0 0 1 0 1 0 -1 0 0 3673.dat
1 0 510.609 -242.31 -110 0 -0.497972 0.867193 0 0.867194 0.497972 -1 0 0 3705.dat
1 7 620.25 -54.0671 -120.001 0 0 1 0 1 0 -1 0 0 3673.dat
1 7 620.25 -54.0671 -80.0004 0 0 1 0 1 0 -1 0 0 3673.dat
1 7 511.258 -242.471 105 0.707107 0.707107 0 -0.707107 0.707107 0 0 0 1 4265a.dat
1 7 511.258 -242.471 75 0.707107 0.707107 0 -0.707107 0.707107 0 0 0 1 4265a.dat
1 7 511.258 -242.471 45 0.707107 -0.707107 0 -0.707106 -0.707107 0 0 0 -1 4265a.dat
1 7 510.609 -242.31 -85 0.867193 -0.497971 0 0.497971 0.867193 0 0 0 1 4265a.dat
1 7 510.609 -242.31 -115 -0.867193 -0.497971 0 -0.497971 0.867193 0 0 0 -1 4265a.dat
1 7 510.609 -242.31 -145 -0.867193 -0.497971 0 -0.497971 0.867193 0 0 0 -1 4265a.dat
1 0 511.354 -242.68 -100.001 0 0.5 -0.866025 0 0.866025 0.5 1 0 0 336.dat
1 7 547.75 -179.641 -100.001 0 0.5 -0.866025 0 0.866025 0.5 1 0 0 128.dat
1 7 552.25 -171.847 -100.001 0 0.5 -0.866025 0 0.866025 0.5 1 0 0 335.dat
1 7 613.25 -66.1915 -100.001 0 0.5 -0.866025 0 0.866025 0.5 1 0 0 4701.dat
1 7 613.25 -66.1915 60 0 0.5 -0.866025 0 0.866025 0.5 1 0 0 4701.dat
1 0 511.354 -242.68 60 0 0.5 -0.866025 0 0.866025 0.5 1 0 0 336.dat
1 7 547.75 -179.641 60 0 0.5 -0.866025 0 0.866025 0.5 1 0 0 128.dat
1 7 552.25 -171.847 60 0 0.5 -0.866025 0 0.866025 0.5 1 0 0 335.dat