0 Action figure
0 Name: Action figure.mpd
0 Author: QK Lego Builder
0 !LDRAW_ORG Unofficial_Model

1 4 189 24 26 0.996195 -0.0871557 0 0.0871557 0.996195 0 0 0 1 2709.dat
1 4 190.495 64.285 26 0.996195 -0.0871557 0 0.0871557 0.996195 0 0 0 1 2704.dat
1 4 204 7 26 1 0 0 0 1 0 0 0 1 2699.dat
1 4 219 24 26 0.996917 0.0784591 0 -0.0784591 0.996917 0 0 0 1 2703.dat
1 4 217.154 64.27 26 0.996917 0.0784591 0 -0.0784591 0.996917 0 0 0 1 2704.dat
1 0 220.29 104.145 26 0.996917 0.0784591 0 -0.0784591 0.996917 0 0 0 1 2706.dat
1 0 187.011 104.131 26 0.996195 -0.0871557 0 0.0871557 0.996195 0 0 0 1 2706.dat
1 4 204 7 26 1 0 0 0 1 0 0 0 1 2698p05.dat
1 4 204 7 26 1 0 0 0 1 0 0 0 1 2710.dat
1 0 177.8 -39 26 -0.961262 0 0.275637 -0.275637 0 -0.961262 0 -1 0 2700.dat
1 0 177.8 -39 26 -0.961262 0 0.275637 -0.275637 0 -0.961262 0 -1 0 2705.dat
1 0 177.8 -39 26 0 0 1 -1 0 0 0 -1 0 2701.dat
1 7 246.6 24.415 26 -0.968148 0 -0.25038 0.25038 0 -0.968148 0 -1 0 2702.dat
1 0 230.2 -39 26 0 0 -1 1 0 0 0 -1 0 2701.dat
1 0 237.962 -8.992 26 0.968148 0 0.25038 -0.25038 0 0.968148 0 -1 0 2705.dat
1 0 230.2 -39 26 0.968148 0 -0.25038 -0.25038 0 -0.968148 0 1 0 2700.dat
1 0 169.255 -9.205 26 -0.961262 0 0.275637 -0.275637 0 -0.961262 0 -1 0 2701.dat
1 0 237.962 -8.992 26 0.968148 0 -0.25038 -0.25038 0 -0.968148 0 1 0 2700.dat
1 0 169.255 -9.205 26 -0.961262 0 0.275637 -0.275637 0 -0.961262 0 -1 0 2705.dat
1 0 169.255 -9.205 26 -0.961262 0 0.275637 -0.275637 0 -0.961262 0 -1 0 2700.dat
1 7 159.746 23.964 26 0.961262 0 0.275637 0.275637 0 -0.961262 0 1 0 2702.dat
1 7 204 -47 26 1 0 0 0 0.97237 -0.233445 0 0.233445 0.97237 2707p06.dat
1 6 204 -87.838 16.196 1 0 0 0 0.97237 -0.233445 0 0.233445 0.97237 2708.dat
1 0 230.2 -39 26 0.968148 0 0.25038 -0.25038 0 0.968148 0 -1 0 2705.dat
1 0 237.962 -8.992 26 0.968148 0 -0.25038 -0.25038 0 -0.968148 0 1 0 2701.dat