0 Arms Right
0 Name: Arms Right.mpd
0 Author: QK Lego Builder
0 !LDRAW_ORG Unofficial_Model

1 8 -80 8 0 0 -1 0 0 0 1 -1 0 0 32009.dat
1 7 26 -129.5 10 0 0.927184 0.374607 0 -0.374607 0.927184 1 0 0 3749.dat
1 8 -99.8 -151.8 0 1 0 0 0 0 1 0 -1 0 6587.dat
1 8 -20 -132 0 0 -1 0 0 0 1 -1 0 0 6587.dat
1 0 -60 -132 0 1 0 0 0 0 1 0 -1 0 4519.dat
1 0 -89.9 -92 0.1 1 0 0 0 0 1 0 -1 0 3705.dat
1 0 -60 -112 0.1 1 0 0 0 1 0 0 0 1 32184.dat
1 8 -62 -12 0 0 0 -1 0 -1 0 -1 0 0 6536.dat
1 16 -100 0 -150 0 0 -1 0 1 0 1 0 0 Weapons Right.mpd
1 6 -115 -92 0 0 1 0 0 0 -1 -1 0 0 32250.dat
1 0 -80 8 -80 -1 0 0 0 1 0 0 0 -1 4519.dat
1 8 -100 -152 0 1 0 0 0 1 0 0 0 1 6536.dat
1 8 -40 -132 -20 0 0 1 1 0 0 0 1 0 32177.dat
1 7 -100 -92.4 0 0 0 -1 0 1 0 1 0 0 3713.dat
1 7 -125.1 -91.9 -0.1 0 0 -1 0 1 0 1 0 0 32123a.dat
1 7 -125.1 -151.9 -0.1 0 0 -1 0 1 0 1 0 0 32123a.dat
1 7 -100 -132 -10 0 0 1 0 1 0 -1 0 0 3749.dat
1 8 -20 -132 0 0 0 1 0 1 0 -1 0 0 32016.dat
1 8 -12.2 -113.617 15.3 -0.390731 0 0.920505 -0.920505 0 -0.390731 0 -1 0 32056.dat
1 8 36.6 -155.7 0 0.390731 -0.920505 0 0.920505 0.390731 0 0 0 1 6553.dat
1 8 44.506 -137.303 0 0.390731 -0.920505 0 0.920505 0.390731 0 0 0 1 6536.dat
1 8 -99.9 -32 10.901 0 0 -1 0 -1 0 -1 0 0 32291.dat
1 7 -90 -52 0 -1 0 0 0 -1 0 0 0 1 3673.dat
1 0 -109.9 -52 20.001 1 0 0 0 1 0 0 0 1 6628.dat
1 0 -61.9 -32 0 -1 0 0 0 0 1 0 1 0 32054.dat
1 7 -19.9 -131.9 25.5 1 0 0 0 1 0 0 0 1 32123a.dat
1 8 -120 8.521 -60.309 0 -1 0 0.798636 0 -0.601815 0.601815 0 0.798636 2739a.dat