0 Arms Left
0 Name: Arms Left.mpd
0 Author: QK Lego Builder
0 !LDRAW_ORG Unofficial_Model

1 8 -80 8 0 0 -1 0 0 0 1 -1 0 0 32009.dat
1 7 -184 -129.5 10 0 0.927184 0.374607 0 -0.374607 0.927184 1 0 0 3749.dat
1 8 -59.8 -151.8 0 -1 0 0 0 0 1 0 1 0 6587.dat
1 8 -140 -132 0 0 -1 0 0 0 1 -1 0 0 6587.dat
1 0 -100 -132 0 1 0 0 0 0 1 0 -1 0 4519.dat
1 0 -69.9 -92 0.1 1 0 0 0 0 1 0 -1 0 3705.dat
1 0 -100 -112 0.1 1 0 0 0 1 0 0 0 1 32184.dat
1 8 -102 -12 0 0 0 -1 0 -1 0 -1 0 0 6536.dat
1 16 -100 0 -150 0 0 -1 0 1 0 1 0 0 Weapons Left.mpd
1 6 -45 -92 0 0 1 0 0 0 -1 -1 0 0 32250.dat
1 0 -80 8 -80 -1 0 0 0 1 0 0 0 -1 4519.dat
1 8 -60 -152 0 1 0 0 0 1 0 0 0 1 6536.dat
1 8 -120 -132 -20 0 0 -1 1 0 0 0 -1 0 32177.dat
1 7 -60 -92.4 0 0 0 -1 0 1 0 1 0 0 3713.dat
1 7 -35.1 -91.9 -0.1 0 0 -1 0 1 0 1 0 0 32123a.dat
1 7 -35.1 -151.9 -0.1 0 0 -1 0 1 0 1 0 0 32123a.dat
1 7 -60 -132 -10 0 0 1 0 1 0 -1 0 0 3749.dat
1 8 -140 -132 0 0 0 -1 0 1 0 1 0 0 32016.dat
1 8 -142.2 -113.617 15.3 0.390731 0 -0.920505 -0.920505 0 -0.390731 0 1 0 32056.dat
1 8 -196.6 -155.7 0 -0.390731 0.920505 0 0.920505 0.390731 0 0 0 -1 6553.dat
1 8 -204.506 -137.303 0 -0.390731 0.920505 0 0.920505 0.390731 0 0 0 -1 6536.dat
1 8 -59.9 -32 10.901 0 0 -1 0 -1 0 -1 0 0 32291.dat
1 7 -70 -52 0 -1 0 0 0 -1 0 0 0 1 3673.dat
1 0 -49.9 -52 20.001 -1 0 0 0 1 0 0 0 -1 6628.dat
1 0 -101.9 -32 0 1 0 0 0 0 1 0 -1 0 32054.dat
1 7 -139.9 -131.9 25.5 1 0 0 0 1 0 0 0 1 32123a.dat
1 8 -40 8.521 -60.309 0 -1 0 0.798636 0 -0.601815 0.601815 0 0.798636 2739a.dat