0 B
0 Name: B.mpd
0 Author: QK Lego Builder
0 !LDRAW_ORG Unofficial_Model

1 0 19.001 114.282 -299.736 0 0 1 -0.999981 0.00622552 0 -0.00622552 -0.999981 0 2815.dat
1 7 19.001 114.282 -299.736 0 0 1 -0.999981 0.00622552 0 -0.00622552 -0.999981 0 4185.dat
1 0 20.001 114.293 -300.236 -1 0 0 0 0.00622524 -0.999981 0 -0.999981 -0.00622524 3705.dat
1 7 -9.999 114.293 -300.236 0 0 1 -0.999981 0.00622565 0 -0.00622565 -0.999981 0 3713.dat
1 7 50.001 114.293 -300.236 0 0 -1 0.999981 0.00622552 0 0.00622552 -0.999981 0 3713.dat
1 0 10.001 -25.714 -300.606 -1 0 0 0 0.00622524 -0.999981 0 -0.999981 -0.00622524 4519.dat
1 7 -9.299 -25.712 -301.109 0 0 -1 0.999981 0.00622538 0 0.00622538 -0.999981 0 3713.dat
1 0 30.001 -155.71 -301.921 0 0 -1 0.999997 -0.00250081 0 -0.00250089 -0.999997 0 3708.dat
1 7 30.001 -149.706 -301.882 1 0 0 0 0.00623592 0.999981 0 -0.999981 0.00623592 3713.dat
1 7 30.001 -189.708 -302.13 1 0 0 0 0.00622538 0.999981 0 -0.999981 0.00622538 3713.dat
1 0 10.001 -155.715 -300.919 0 0 -1 0.999981 0.00623611 0 0.00623594 -0.999981 0 3708.dat
1 7 10.001 -149.706 -301.881 1 0 0 0 0.00623592 0.999981 0 -0.999981 0.00623592 3713.dat
1 7 10.001 -189.709 -302.129 1 0 0 0 0.00623592 0.999981 0 -0.999981 0.00623592 3713.dat
1 7 70.001 -276.858 -297.55 0 0 -1 0.859583 0.510996 0 0.510996 -0.859583 0 4274.dat
1 0 20.001 -285.708 -302.731 -1 0 0 0 0.510996 -0.859583 0 -0.859583 -0.510996 3705.dat
1 0 119.499 -311.432 -259.935 -0.707109 0 -0.707104 0.361334 -0.859579 -0.361334 -0.607811 -0.511003 0.607817 3706.dat
1 0 -79.85 -310.823 -259.987 0.707108 0 -0.707106 0.361332 -0.859583 0.361327 -0.607815 -0.510997 -0.607819 3706.dat
1 7 -29.999 -276.858 -297.551 0 0 -1 0.859583 0.510996 0 0.510996 -0.859583 0 4274.dat
1 7 20.001 -169.77 -292.006 0 -1 0 0.00622016 0 0.999981 -0.999981 0 0.00622025 3648a.dat
1 0 20.002 -184.87 -276.097 0 0.656059 -0.754709 0.999981 0.00469811 0.00408408 0.00622552 -0.754695 -0.656046 3705.dat
1 7 20.002 -209.87 -276.253 -0.75471 0.656059 0 0.00408422 0.00469811 -0.99998 -0.656046 -0.754695 -0.00622493 3647.dat
1 7 138.591 -321.188 -243.526 0 -0.707107 0.707107 0.859583 -0.361329 -0.361329 0.510996 0.607817 0.607817 4143.dat
1 7 -98.588 -321.188 -243.526 0.707106 0 -0.707106 -0.361329 0.859583 -0.361328 0.607817 0.510996 0.607819 4143.dat
1 7 -44.141 -293.369 -290.33 0 0.707107 -0.707106 -0.859583 -0.361328 -0.361329 -0.510996 0.607817 0.607817 4273b.dat
1 7 -9.999 -285.456 -302.659 0 0 1 0.859583 -0.510996 0 0.510996 0.859583 0 4273b.dat
1 7 10.001 -265.706 -302.603 1 0 0 0 0.00623539 0.999981 0 -0.999981 0.00623539 4273b.dat
1 7 30.001 -265.706 -302.603 -1 0 0 0 -0.00622571 0.999981 0 0.999981 0.00622588 4273b.dat
1 7 50.002 -285.456 -302.659 0 0 -1 0.859583 0.510996 0 0.510996 -0.859583 0 4273b.dat
1 7 84.143 -293.37 -290.33 0 0.707107 0.707107 -0.859583 0.361329 -0.361329 -0.510996 -0.607817 0.607817 4273b.dat
1 7 9.001 -45.709 -301.233 -1 0 0 0 0.0062256 -0.999981 0 -0.999981 -0.0062256 4273b.dat
1 7 30.001 -45.71 -301.235 1 0 0 0 -0.0062251 -0.999981 0 0.999981 -0.0062251 4273b.dat
1 7 1.101 44.288 -300.67 0 1 0 -0.999981 0 -0.00622568 -0.00622588 0 0.999981 4442.dat
1 7 38.801 44.289 -300.67 0 -1 0 -0.99998 0 0.00622588 -0.00622585 0 -0.999981 4442.dat
1 7 15.001 -285.708 -302.731 0 0 -1 -0.859583 -0.510996 0 -0.510996 0.859583 0 4265a.dat
1 7 25.001 -285.456 -302.659 0 0 1 -0.859583 0.510996 0 -0.510996 -0.859583 0 4265b.dat