0 Base
0 Name: Base.mpd
0 Author: QK Lego Builder
0 !LDRAW_ORG Unofficial_Model

1 0 51.383 56 -246.357 0 0 -1 1 0 0 0 -1 0 32063.dat
1 0 51.383 55.999 -238.357 0 0 -1 1 0 0 0 -1 0 32063.dat
1 0 51.383 35.999 -223.458 -1 0 0 0 0 -1 0 -1 0 32062.dat
1 0 51.383 16 -263.556 -1 0 0 0 0 -1 0 -1 0 4519.dat
1 0 51.383 -24 -263.556 -1 0 0 0 0 -1 0 -1 0 4519.dat
1 6 51.383 -24 -263.556 -1 0 0 0 0 -1 0 -1 0 75535.dat
1 6 51.383 -24 -183.256 0 0 1 -1 0 0 0 -1 0 6538a.dat
1 7 71.383 -24.2 -183.256 -1 0 0 0 0 -1 0 -1 0 3749.dat
1 7 31.383 -24.2 -183.256 1 0 0 0 0 -1 0 1 0 3749.dat
1 6 51.383 -24 -303.556 -1 0 0 0 0 -1 0 -1 0 75535.dat
1 6 31.383 -30 -322.856 -1 0 0 0 0 -1 0 -1 0 75535.dat
1 6 71.383 -30 -322.856 -1 0 0 0 0 -1 0 -1 0 75535.dat
1 6 1.383 -29.944 -322.454 0 1 0 -0.956305 0 0.292372 0.292372 0 0.956305 32271.dat
1 8 11.383 5.141 -207.7 1 0 0 0 0.956305 0.292372 0 -0.292372 0.956305 32002.dat
1 0 51.283 -29.944 -322.454 1 0 0 0 0.956305 0.292372 0 -0.292372 0.956305 3706.dat
1 7 -6.617 -18.349 -175.418 1 0 0 0 0.587785 0.809017 0 -0.809017 0.587785 2736.dat
1 0 51.383 -4 -223.458 -1 0 0 0 0 1 0 1 0 32062.dat
1 7 51.383 35.999 -183.257 0 0 -1 1 0 0 0 -1 0 3713.dat
1 7 51.383 16.001 -223.358 -1 0 0 0 1 0 0 0 -1 3673.dat
1 7 61.383 16.199 -263.357 0 -1 0 1 0 0 0 0 1 2825.dat
1 7 41.383 16.199 -263.357 0 1 0 -1 0 0 0 0 1 2825.dat
1 0 51.383 35.999 -183.358 -1 0 0 0 0 -1 0 -1 0 3706.dat
1 16 101.383 -20.001 -173.257 0 0 1 0 1 0 -1 0 0 Bottom 1.mpd
1 16 -52.317 59.999 -317.257 0.920505 0 0.390731 0 1 0 -0.390731 0 0.920505 Leg 1.mpd
1 0 51.383 -24.001 -303.558 -1 0 0 0 -0.0174524 -0.999848 0 -0.999848 0.0174524 3706.dat
1 7 86.383 -24.001 -303.357 0 0 1 -1 0 0 0 -1 0 32123b.dat
1 7 16.383 -24.001 -303.357 0 0 1 -1 0 0 0 -1 0 32123b.dat
1 0 61.383 56.001 -232.356 0 0 -1 0 -1 0 -1 0 0 2780.dat
1 0 41.383 56.001 -232.356 0 0 -1 0 -1 0 -1 0 0 2780.dat
1 8 51.383 35.999 -223.458 1 0 0 0 1 0 0 0 1 32291.dat
1 8 51.483 -3.901 -223.356 1 0 0 0 0 -1 0 1 0 6536.dat
1 8 76.283 -23.997 -263.558 0 -1 0 0 0 1 -1 0 0 32056.dat
1 8 26.283 -23.997 -263.558 0 -1 0 0 0 1 -1 0 0 32056.dat
1 6 -38.817 69.298 -177.229 0 -1 0 -0.996195 0 0.0871557 -0.0871557 0 -0.996195 32316.dat
1 6 141.183 69.298 -177.229 0 -1 0 -0.996195 0 0.0871557 -0.0871557 0 -0.996195 32316.dat
1 8 121.483 35.9 -203.558 0 1 0 0.34202 0 0.939693 0.939693 0 -0.34202 33299.dat
1 8 -18.517 35.9 -203.558 0 -1 0 -0.34202 0 0.939693 -0.939693 0 -0.34202 33299.dat
1 8 -18.617 -0.104 -226.891 0 1 0 0.406737 0 0.913545 0.913545 0 -0.406737 33299.dat
1 7 -8.617 -0.104 -226.891 -1 0 0 0 0.406737 0.913545 0 0.913545 -0.406737 3749.dat
1 6 101.383 -29.944 -322.454 0 1 0 -0.956305 0 0.292372 0.292372 0 0.956305 32271.dat
1 8 91.383 5.106 -208.84 -1 0 0 0 0.956305 0.292372 0 0.292372 -0.956305 32002.dat
1 7 109.483 -18.349 -175.418 -1 0 0 0 0.587785 0.809017 0 0.809017 -0.587785 2736.dat
1 8 121.383 -0.104 -226.891 0 -1 0 -0.358368 0 0.93358 -0.93358 0 -0.358368 33299.dat
1 7 111.383 -0.104 -226.891 1 0 0 0 0.406737 0.913545 0 -0.913545 0.406737 3749.dat
1 8 66.283 35.999 -223.358 0 -1 0 0 0 -1 1 0 0 32056.dat
1 8 81.383 35.999 -183.157 0 -1 0 0 0 -1 1 0 0 32140.dat
1 8 36.283 35.999 -223.358 0 -1 0 0 0 -1 1 0 0 32056.dat
1 0 81.383 56.001 -232.356 0 0 -1 0 -1 0 -1 0 0 6628.dat
1 0 21.383 56.001 -232.356 0 0 -1 0 -1 0 -1 0 0 6628.dat
1 8 21.383 35.999 -183.157 0 -1 0 0 0 -1 1 0 0 32140.dat
1 16 101.383 -34.182 -111.675 -1 0 0 0 0.93358 -0.358368 0 -0.358368 -0.93358 Bottom 4.mpd
1 16 36.4 -115.654 -143.183 -1 0 0 0 1 0 0 0 -1 Trigger.mpd
1 16 220.203 59.69 -291.571 0.927184 0 -0.374607 0 1 0 0.374607 0 0.927184 Leg 2.mpd
1 7 111.383 36.097 -203.308 1 0 0 0 -0.939693 -0.34202 0 0.34202 -0.939693 3749.dat
1 7 -8.617 36.097 -203.308 -1 0 0 0 -0.939693 0.34202 0 0.34202 0.939693 3749.dat
1 7 131.283 71.097 -197.208 -1 0 0 0 -0.999848 0.0174524 0 0.0174524 0.999848 3749.dat
1 7 -28.717 71.097 -197.208 1 0 0 0 -0.999848 0.0174524 0 -0.0174524 -0.999848 3749.dat
1 0 51.283 71.116 -197.408 1 0 0 0 -0.999848 0.0174524 0 -0.0174524 -0.999848 3706.dat
1 8 -8.717 70.716 -197.008 0 0 1 0 -1 0 1 0 0 6538a.dat
1 8 111.283 70.716 -197.008 0 0 1 0 -1 0 1 0 0 6538a.dat
1 7 -18.617 18.178 -235.064 1 0 0 0 -0.939693 0.34202 0 -0.34202 -0.939693 2736.dat
1 7 121.483 18.178 -235.064 -1 0 0 0 -0.939693 0.34202 0 0.34202 0.939693 2736.dat
1 16 71.381 -241.56 -151.718 1 0 0 0 -0.121869 -0.992546 0 0.992546 -0.121869 Spine 2.mpd
1 16 31.381 42.834 -42.639 -1 0 0 0 0.766044 0.642788 0 0.642788 -0.766044 Base 7.mpd
1 16 31.381 -228.516 -0.607 -1 0 0 0 -0.0348992 -0.999391 0 -0.999391 0.0348992 Spine 3.mpd
1 8 121.864 -18.606 -174.936 -0.0951869 0.956305 -0.276443 -0.311342 -0.292372 -0.904204 -0.945519 0 0.325568 2739a.dat
1 8 -18.136 -18.906 -174.936 0.0951869 -0.956305 0.276443 0.369266 -0.22397 -0.901932 0.924436 0.187933 0.331811 2739a.dat