0 Bottom 5
0 Name: Bottom 5.mpd
0 Author: QK Lego Builder
0 !LDRAW_ORG Unofficial_Model

1 0 -20 24 0 1 0 0 0 0.997564 0.0697565 0 -0.0697565 0.997564 3706.dat
1 0 -20 -15.955 -40.141 1 0 0 0 -1 0 0 0 -1 3705.dat
1 6 -40 44 0 1 0 0 0 0 1 0 -1 0 32039.dat
1 6 0 44 0 1 0 0 0 0 1 0 -1 0 32039.dat
1 6 0 87.8 0 1 0 0 0 -1 0 0 0 -1 6553.dat
1 6 -40 87.8 0 1 0 0 0 -1 0 0 0 -1 6553.dat
1 6 -55 88 0 0 -1 0 -1 0 0 0 0 -1 32249.dat
1 6 -65 88 0 0 -1 0 -1 0 0 0 0 -1 32249.dat
1 6 25 88 0 0 -1 0 -1 0 0 0 0 -1 32249.dat
1 6 15 88 0 0 -1 0 -1 0 0 0 0 -1 32249.dat
1 6 -20 48 0 0 0 -1 0 -1 0 -1 0 0 32034.dat
1 0 -20 88 0 1 0 0 0 0 -1 0 1 0 32073.dat
1 0 10 48 0 1 0 0 0 0 -1 0 1 0 32062.dat
1 0 -50 48 0 1 0 0 0 0 -1 0 1 0 32062.dat
1 8 -55 -16 0 0 -1 0 0 0 1 -1 0 0 32056.dat
1 8 15 -16 0 0 -1 0 0 0 1 -1 0 0 32056.dat
1 7 -70 24 0 0 0 -1 0 1 0 1 0 0 3713.dat
1 7 30 24 0 0 0 -1 0.0697565 0.997564 0 0.997564 -0.0697565 0 3713.dat
1 7 -20 87.844 -0.264 0 0 -1 0.0697565 0.997564 0 0.997564 -0.0697565 0 3713.dat
1 16 4 4.947 -8.592 1 0 0 0 0.913545 -0.406737 0 0.406737 0.913545 Bottom 6.mpd