0 C
0 Name: C.mpd
0 Author: QK Lego Builder
0 !LDRAW_ORG Unofficial_Model

1 0 19.5 -67.112 -94.9358 0 1 0 -0.554022 0 -0.832502 -0.832502 0 0.554022 3705.dat
1 7 20.5 -83.2375 -46.9674 -1 0 0 0 0.554021 0.832503 0 0.832502 -0.554021 4261.dat
1 7 20.5 -17.1913 -92.1216 -1 0 0 0 -0.554021 -0.832503 0 -0.832503 0.554021 4261.dat
1 7 20.4999 -83.7327 -119.911 0 -1 0 0.832502 0 0.554021 -0.554021 0 0.832502 3651.dat