0 crane
0 Name: crane.mpd
0 Author: QK Lego Builder
0 !LDRAW_ORG Unofficial_Model

1 7 -197 -67.8207 120 0 0 -1 0 1 0 1 0 0 4185.dat
1 0 -82 -67.8207 120 1 0 0 0 1 0 0 0 1 3708.dat
1 7 -130 -67.8207 120 0 0 -1 0 1 0 1 0 0 3647.dat
1 4 -70 -128.134 110.117 0 0 -1 0.616775 0.787139 0 0.787139 -0.616775 0 3894.dat
1 4 -70 -133.914 63.8285 0 0 -1 0.616775 0.787139 0 0.787139 -0.616775 0 3666.dat
1 4 -70 -214.483 -0.0827837 0 0 -1 0.616775 0.787139 0 0.787139 -0.616775 0 3702.dat
1 4 -40 -257.786 -42.377 1 0 0 0 0.787139 0.616775 0 -0.616775 0.787139 3020.dat
1 4 -40 -232.598 -62.1138 1 0 0 0 0.787139 0.616775 0 -0.616775 0.787139 3020.dat
1 1 -40 -257.657 -55.1825 1 0 0 0 0.787139 0.616775 0 -0.616775 0.787139 3700.dat
1 4 -40 -258.045 -16.7658 0 0 -1 0.616775 0.787139 0 0.787139 -0.616775 0 3738.dat
1 4 -40 -264.083 -37.4427 1 0 0 0 0.787139 0.616775 0 -0.616775 0.787139 3020.dat
1 4 -40 -202.406 41.2712 1 0 0 0 0.787139 0.616775 0 -0.616775 0.787139 3020.dat
1 4 -40 -202.276 28.4656 1 0 0 0 0.787139 0.616775 0 -0.616775 0.787139 3710.dat
1 4 -40 -177.088 8.72878 1 0 0 0 0.787139 0.616775 0 -0.616775 0.787139 3710.dat
1 4 -40 -195.979 23.5314 1 0 0 0 0.787139 0.616775 0 -0.616775 0.787139 3700.dat
1 4 -70 -146.767 99.3081 0 0 -1 0.616776 0.787139 0 0.787139 -0.616776 0 3460.dat
1 4 -40 -226.301 -67.048 0 0 -1 0.616775 0.787139 0 0.787139 -0.616775 0 3022.dat
1 4 -40 -232.339 -87.7249 0 0 -1 0.616776 0.787139 0 0.787139 -0.616776 0 3709b.dat
1 4 -10 -214.483 -0.0827878 0 0 -1 0.616775 0.787139 0 0.787139 -0.616775 0 3702.dat
1 4 -10 -146.767 99.3081 0 0 -1 0.616776 0.787139 0 0.787139 -0.616776 0 3460.dat
1 4 -10 -128.134 110.117 0 0 -1 0.616775 0.787139 0 0.787139 -0.616775 0 3894.dat
1 4 -10 -133.914 63.8285 0 0 -1 0.616775 0.787139 0 0.787139 -0.616775 0 3666.dat
1 0 0 -107.927 119.692 -1 0 0 0 1 0 0 0 -1 2780.dat
1 0 -100 -107.927 119.692 -1 0 0 0 0.787139 -0.616775 0 -0.616775 -0.787139 3705.dat
1 7 -130 -107.927 119.692 0 0 1 -0.787139 -0.616776 0 0.616776 -0.787139 0 3648b.dat
1 0 -80 -144.934 72.4634 -1 0 0 0 0.787139 -0.616776 0 -0.616776 -0.787139 2780.dat
1 0 0 -169.605 40.9778 -1 0 0 0 0.787139 -0.616776 0 -0.616776 -0.787139 2780.dat
1 0 10 -130.248 10.1391 0 0 -1 0.787139 -0.616776 0 -0.616776 -0.787139 0 3705.dat
1 7 -39.517 -175.486 -157.846 0.258148 0.966105 0 0.59587 -0.159219 0.78714 0.76046 -0.203198 -0.616775 3647.dat
1 0 -40 -222.635 -120.738 0 -0.258148 -0.966105 0.787139 -0.59587 0.15922 -0.616776 -0.760459 0.203199 3708.dat
1 0 -40.1291 -152.09 -176.628 0.966105 0.258148 0 -0.15922 0.59587 -0.787139 -0.203199 0.76046 0.616775 4716.dat
1 7 -40 -178.856 29.1707 1 0 0 0 0.787139 0.616775 0 -0.616775 0.787139 4265a.dat
1 0 -40 -188.108 17.3636 0 0 -1 0.616776 0.787139 0 0.787139 -0.616776 0 3708.dat
1 7 -40.1291 -302.434 -58.8233 0.966105 0.258149 0 -0.15922 0.59587 -0.787139 -0.203199 0.760459 0.616775 4265a.dat
1 7 -40.129 -132.412 -192.047 0.966105 -0.258148 0 -0.159219 -0.59587 0.787139 -0.203199 -0.76046 -0.616775 4265a.dat
1 7 10 -153.862 28.6423 -1 0 0 0 0.616775 0.787139 0 0.787139 -0.616775 3651.dat
1 7 -90 -132.598 88.2062 1 0 0 0 0.787137 0.616778 0 -0.616778 0.787137 3651.dat
1 0 -90 -126.43 96.0776 0 0 1 -0.616776 0.787139 0 -0.787139 -0.616776 0 3704.dat
1 7 -85 -107.927 119.692 0 0 -1 0.616776 0.787139 0 0.787139 -0.616776 0 4265a.dat
1 7 -90 -120.263 103.949 1 0 0 0 -0.787139 -0.616776 0 0.616776 -0.787139 4273b.dat
1 7 -40 -257.804 -71.5831 1 0 0 0 0.787139 0.616775 0 -0.616775 0.787139 4143.dat
1 7 -40.129 -256.78 -94.5963 0.966105 -0.258149 0 -0.15922 -0.59587 0.78714 -0.203199 -0.760459 -0.616775 4143.dat
1 7 -90 -67.8207 120 0 0 -1 0 1 0 1 0 0 3713.dat
1 7 -40 -126.824 96.3858 -1 0 0 0 0.787139 -0.616776 0 -0.616776 -0.787139 3712.dat