0 Day 12
0 Name: Day 12.mpd
0 Author: QK Lego Builder
0 !LDRAW_ORG Unofficial_Model

1 15 0 -26 0 1 0 0 0 1 0 0 0 1 30171.dat
1 15 0 -26 0 1 0 0 0 1 0 0 0 1 3626bp01.dat
1 15 0 0 0 1 0 0 0 1 0 0 0 1 2524.dat
1 15 0 -18 0 1 0 0 0 0.92388 0.382683 0 -0.382683 0.92388 30170.dat
1 15 0 0 0 1 0 0 0 1 0 0 0 1 973.dat
1 15 0 32 0 1 0 0 0 1 0 0 0 1 3815.dat
1 15 -15.552 9 0 0.985 -0.17 0 0.17 0.985 0 0 0 1 3818.dat
1 15 15.552 9 0 0.985 0.17 0 -0.17 0.985 0 0 0 1 3819.dat
1 15 -23.8634 26.5956 -10.321 0.985 -0.12019 0.12019 0.17 0.696395 -0.696395 0 0.707 0.707 3820.dat
1 15 23.8634 26.5956 -10.321 0.985 0.12019 -0.12019 -0.17 0.696395 -0.696395 0 0.707 0.707 3820.dat
1 15 0 44 0 1 0 0 0 1 0 0 0 1 3816.dat
1 15 0 44 0 1 0 0 0 1 0 0 0 1 3817.dat