0 Day 3
0 Name: Day 3.mpd
0 Author: QK Lego Builder
0 !LDRAW_ORG Unofficial_Model

1 15 -40 40 0 0 0 1 0 1 0 -1 0 0 3176.dat
1 15 -70 -50.5 0 0.707107 0 0.707107 0 1 0 -0.707107 0 0.707107 4497.dat
1 15 -69.7107 -19 0 0.707107 0 0.707107 0 1 0 -0.707107 0 0.707107 2586ps1.dat
1 15 -40 10 0 1 0 0 0 0.848048 -0.529919 0 0.529919 0.848048 3673.dat
1 15 -30 -3.781 3.182 -1 0 0 0 0.848048 0.529919 0 0.529919 -0.848048 88289.dat
1 15 -30 -24.133 -9.536 -1 0 0 0 0.848048 0.529919 0 0.529919 -0.848048 3062b.dat
1 15 -50 32 0 0 0 1 0 1 0 -1 0 0 32530.dat
1 15 -70 40 0 0 0 1 0 -1 0 1 0 0 3062b.dat