0 Day 24
0 Name: Day 24.mpd
0 Author: QK Lego Builder
0 !LDRAW_ORG Unofficial_Model

1 4 0 -24 0 1 0 0 0 1 0 0 0 1 30287p01.dat
1 0 0 -26 0 1 0 0 0 1 0 0 0 1 3626bps8.dat
1 4 0 -2 0 1 0 0 0 1 0 0 0 1 522.dat
1 4 0 0 0 1 0 0 0 1 0 0 0 1 973.dat
1 4 0 32 0 1 0 0 0 1 0 0 0 1 3815.dat
1 4 -15.552 9 0 0.985 -0.17 0 0.17 0.985 0 0 0 1 3818.dat
1 4 15.552 9 0 0.985 0.17 0 -0.17 0.985 0 0 0 1 3819.dat
1 0 -23.8634 26.5956 -10.321 0.985 -0.12019 0.12019 0.17 0.696395 -0.696395 0 0.707 0.707 3820.dat
1 0 23.8634 26.5956 -10.321 0.985 0.12019 -0.12019 -0.17 0.696395 -0.696395 0 0.707 0.707 3820.dat
1 15 -23.8951 26.7794 -26.9666 0.14567 -0.0874983 -0.985 -0.844031 0.506976 -0.17 0.514696 0.856884 0 3837.dat
1 15 22.6701 27.6818 -26.963 0.985 0.0874983 -0.14567 -0.17 0.506976 -0.844031 0 0.856884 0.514696 4073.dat
1 4 0 44 0 1 0 0 0 1 0 0 0 1 3816.dat
1 4 0 44 0 1 0 0 0 1 0 0 0 1 3817.dat