0 door
0 Name: door.mpd
0 Author: QK Lego Builder
0 !LDRAW_ORG Unofficial_Model

1 0 950.074 -84.4375 -160 0 0.109735 0.993961 0 0.993961 -0.109735 -1 0 0 2780.dat
1 15 926.216 -104.005 -150 -0.625243 -0.78043 0 0.78043 -0.625243 0 0 0 1 3700.dat
1 15 932.46 -99.0025 -150 0.625243 -0.78043 0 -0.78043 -0.625243 0 0 0 -1 3023.dat
1 15 932.424 -47.7775 -150 -0.625243 -0.78043 0 0.78043 -0.625243 0 0 0 1 3894.dat
1 15 938.703 -94.0006 -150 0.625243 -0.78043 0 -0.78043 -0.625243 0 0 0 -1 3023.dat
1 7 918.857 -109.447 -160 0 0.109735 0.993961 0 0.993961 -0.109735 -1 0 0 3673.dat
1 15 960.372 -98.7792 -170 0.78182 -0.623504 0 0.623504 0.78182 0 0 0 1 3710.dat
1 15 845.929 -179.815 -170 0.78182 -0.623504 0 0.623504 0.78182 0 0 0 1 3703.dat
1 15 741.462 -273.36 -170 0.78182 -0.623504 0 0.623504 0.78182 0 0 0 1 3710.dat
1 15 940.419 -73.7609 -170 0.78182 -0.623504 0 0.623504 0.78182 0 0 0 1 3710.dat
1 15 721.51 -248.342 -170 0.78182 -0.623504 0 0.623504 0.78182 0 0 0 1 3710.dat
1 15 979.397 -73.6567 -20.0002 0 -0.623504 -0.78182 0 0.78182 -0.623504 1 0 0 3703.dat
1 15 846.488 -179.652 130 0.78182 -0.623504 0 0.623504 0.78182 0 0 0 1 3703.dat
1 15 960.931 -98.6163 130 0.78182 -0.623504 0 0.623504 0.78182 0 0 0 1 3710.dat
1 15 940.979 -73.598 130 0.78182 -0.623504 0 0.623504 0.78182 0 0 0 1 3710.dat
1 15 722.069 -248.179 130 0.78182 -0.623504 0 0.623504 0.78182 0 0 0 1 3710.dat
1 15 742.021 -273.197 130 0.78182 -0.623504 0 0.623504 0.78182 0 0 0 1 3710.dat
1 0 950.074 -84.4375 120 0 0.109735 0.993961 0 0.993961 -0.109735 -1 0 0 2780.dat
1 15 926.216 -104.004 110 -0.625243 -0.78043 0 0.78043 -0.625243 0 0 0 1 3700.dat
1 15 932.46 -99.0025 110 0.625243 -0.78043 0 -0.78043 -0.625243 0 0 0 -1 3023.dat
1 15 932.424 -47.7774 110 -0.625243 -0.78043 0 0.78043 -0.625243 0 0 0 1 3894.dat
1 15 938.703 -94.0005 110 0.625242 -0.780431 0 -0.780431 -0.625242 0 0 0 -1 3023.dat
1 7 918.857 -109.447 120 0 0.109735 0.993961 0 0.993961 -0.109735 -1 0 0 3673.dat
1 0 900 -22 120 0 0 1 0 1 0 -1 0 0 2780.dat
1 15 713.019 -285.811 -20 0 -0.623504 -0.78182 0 0.78182 -0.623504 1 0 0 3703.dat
1 0 730.851 -259.279 120 0 0.601682 0.798736 0 0.798736 -0.601682 -1 0 0 2780.dat
1 4 673.002 -240.224 110 0.885596 0.464457 0 -0.464457 0.885596 0 0 0 1 3702.dat
1 0 659.703 -222.022 120 0 0 1 0 1 0 -1 0 0 2780.dat
1 0 730.851 -259.279 -160 0 0.601682 0.798736 0 0.798736 -0.601682 -1 0 0 2780.dat
1 4 673.002 -240.224 -150 0.885596 0.464457 0 -0.464457 0.885596 0 0 0 1 3702.dat
1 0 660 -222 -160 0 0 1 0 1 0 -1 0 0 2780.dat
1 0 900 -22.0001 -160 0 0 1 0 1 0 -1 0 0 2780.dat