0 E
0 Name: E.mpd
0 Author: QK Lego Builder
0 !LDRAW_ORG Unofficial_Model

1 15 -10 9.5 -19.5 0 0 -1 -1 0 0 0 1 0 4019.dat
1 7 0 9.5 -19.5 -1 0 0 0 -1 0 0 0 1 3749.dat
1 0 -10.0109 25.2872 -8.5311 -1 0 0 0 -0.982178 -0.187956 0 -0.187956 0.982178 3711.dat
1 0 -10.0109 22.2799 7.18375 -1 0 0 0 -0.982178 -0.187956 0 -0.187956 0.982178 3711.dat
1 0 -10.0109 28.2945 -24.2459 -1 0 0 0 -0.982178 -0.187956 0 -0.187956 0.982178 3711.dat
1 0 -10.0144 16.2653 38.6134 -1 0 0 0 -0.982178 -0.187956 0 -0.187956 0.982178 3711.dat
1 0 -10.0144 19.2726 22.8986 -1 0 0 0 -0.982178 -0.187956 0 -0.187956 0.982178 3711.dat
1 0 -10.0098 20.099 -37.9876 -1 0 0 0 -0.858855 0.512219 0 0.512219 0.858855 3711.dat
1 0 -10.0104 4.03305 -40.9281 -1 0 0 0 -0.187633 0.982239 0 0.982239 0.187633 3711.dat
1 0 -10.0116 -8.80876 -30.7401 -1 0 0 0 0.615772 0.787925 0 0.787925 -0.615772 3711.dat
1 0 -10.0126 -16.2127 -16.2057 -1 0 0 0 0.883296 0.468815 0 0.468815 -0.883296 3711.dat
1 0 -10.0132 -22.6619 -1.50058 -1 0 0 0 0.910709 0.413048 0 0.413048 -0.910709 3711.dat
1 0 -10.0138 -29.2428 13.0845 -1 0 0 0 0.910709 0.413048 0 0.413048 -0.910709 3711.dat
1 0 -10.0144 -35.8516 27.6558 -1 0 0 0 0.910709 0.413048 0 0.413048 -0.910709 3711.dat
1 0 -10.0165 9.24236 86.0493 -1 0 0 0 -0.887589 -0.460637 0 -0.460637 0.887589 3711.dat
1 0 -10.0167 10.3871 70.0903 -1 0 0 0 -0.997437 -0.0715451 0 -0.0715451 0.997437 3711.dat
1 0 -10.0167 13.1998 54.3207 -1 0 0 0 -0.982178 -0.187956 0 -0.187956 0.982178 3711.dat
1 0 -10.0136 -28.0156 110.859 -1 0 0 0 0.451972 -0.892032 0 -0.892032 -0.451972 3711.dat
1 0 -10.0136 -12.2804 107.96 -1 0 0 0 -0.181195 -0.983447 0 -0.983447 0.181195 3711.dat
1 0 -10.0148 2.13357 100.604 -1 0 0 0 -0.439959 -0.898018 0 -0.898018 0.439959 3711.dat
1 0 -10.015 -42.4603 42.2272 -1 0 0 0 0.910709 0.413048 0 0.413048 -0.910709 3711.dat
1 0 -10.0178 -55.875 87.5722 -1 0 0 0 0.998795 0.0490942 0 0.0490942 -0.998794 3711.dat
1 0 -10.0178 -47.3667 101.122 -1 0 0 0 0.846888 -0.531771 0 -0.531771 -0.846888 3711.dat
1 0 -10.0155 -49.0691 56.7985 -1 0 0 0 0.910709 0.413048 0 0.413048 -0.910709 3711.dat
1 0 -10.0161 -55.2715 71.5474 -1 0 0 0 0.921807 0.387649 0 0.387649 -0.921807 3711.dat
1 7 -50 -22 80.0061 0 0 -1 -0.0121824 1 0 1 0.0121824 0 4019.dat
1 0 -50 -22 80.0061 -1 0 0 0 -0.0121824 1 0 1 0.0121824 3706.dat
1 7 3 -22.5061 80.5 0 0 -1 -0.0121815 1 0 1 0.0121824 0 4143.dat
1 7 -93.7 -22.5061 80.5 0 0 -1 -0.0121816 1 0 1 0.0121825 0 4266.dat
1 0 -93.7 -22.5061 80.5 0 0 -1 -0.0121816 1 0 1 0.0121825 0 4267.dat
1 7 -10 -22.5061 80.5 0 0 -1 -0.0121824 1 0 1 0.0121824 0 3648a.dat