0 Eyes
0 Name: Eyes.mpd
0 Author: QK Lego Builder
0 !LDRAW_ORG Unofficial_Model

1 6 10 -8 0 0 0 1 0 1 0 -1 0 0 6536.dat
1 6 0 -38.919 -47.174 -1 0 0 0 0.956305 -0.292372 0 -0.292372 -0.956305 32250.dat
1 6 20 -38.919 -47.174 1 0 0 0 -0.956305 -0.292372 0 0.292372 -0.956305 32250.dat
1 8 -20 0.305 -38.253 1 0 0 0 -0.956305 -0.292372 0 0.292372 -0.956305 6536.dat
1 8 40 0.305 -38.253 1 0 0 0 -0.956305 -0.292372 0 0.292372 -0.956305 6536.dat
1 8 60 -24.67 -51.533 0 -1 0 -0.956305 0 -0.292372 0.292372 0 -0.956305 6536.dat
1 8 10 -36.39 -89.879 -1 0 0 0 0.292372 0.956305 0 0.956305 -0.292372 32291.dat
1 8 10 -31.886 -143.541 0 0 -1 -0.292372 -0.956305 0 -0.956305 0.292372 0 32291.dat
1 8 0 -20.952 -73.58 0 0 1 0.956305 0.292372 0 -0.292372 0.956305 0 32002.dat
1 8 20 -20.952 -73.58 0 0 1 0.956305 0.292372 0 -0.292372 0.956305 0 32002.dat
1 8 0.001 -48.058 -128.035 -1 0 0 0 0.292372 0.956305 0 0.956305 -0.292372 32002.dat
1 8 19.9 -10.324 -55.917 1 0 0 0 -0.956305 -0.292372 0 0.292372 -0.956305 32056.dat
1 8 -0.1 -10.324 -55.917 -1 0 0 0 0.956305 -0.292372 0 -0.292372 -0.956305 32056.dat
1 8 -40 -24.67 -51.533 0 1 0 0.956305 0 -0.292372 -0.292372 0 -0.956305 6536.dat
1 8 0.001 -24.67 -51.533 0 0 1 0.956305 0.292372 0 -0.292372 0.956305 0 6536.dat
1 8 20 -24.67 -51.533 0 0 1 0.956305 0.292372 0 -0.292372 0.956305 0 6536.dat
1 8 40 -24.67 -51.533 0 0 1 0.292372 -0.956305 0 0.956305 0.292372 0 32054.dat
1 8 30 -36.365 -89.783 0 -1 0 -0.956305 0 -0.292372 0.292372 0 -0.956305 2825.dat
1 8 50.2 -42.211 -108.91 1 0 0 0 -0.956305 -0.292372 0 0.292372 -0.956305 32039.dat
1 8 10 -28.935 -133.883 1 0 0 0 -0.292372 0.956305 0 -0.956305 -0.292372 76307.dat
1 8 -30 -40.458 -103.171 1 0 0 0 -0.292372 0.956305 0 -0.956305 -0.292372 30374.dat
1 8 50 -40.458 -103.171 1 0 0 0 -0.292372 0.956305 0 -0.956305 -0.292372 30374.dat
1 7 10 -58.755 -231.425 0 -1 0 -0.292372 0 0.956305 -0.956305 0 -0.292372 4274.dat
1 7 -30 -63.262 -177.763 0 -1 0 -0.292372 0 0.956305 -0.956305 0 -0.292372 4274.dat
1 7 50 -63.262 -177.763 0 -1 0 -0.292372 0 0.956305 -0.956305 0 -0.292372 4274.dat
1 8 -30.1 -42.211 -108.91 1 0 0 0 -0.956305 -0.292372 0 0.292372 -0.956305 32039.dat
1 8 -10 -36.365 -89.783 0 1 0 0.956305 0 -0.292372 -0.292372 0 -0.956305 2825.dat
1 8 -20 -24.67 -51.533 0 0 1 0.292372 -0.956305 0 0.956305 0.292372 0 32054.dat
1 8 10 -8 18 0 0 1 0 1 0 -1 0 0 6587.dat
1 8 -5 0.305 -38.253 0 -1 0 0.956305 0 0.292372 -0.292372 0 0.956305 6632.dat
1 8 25 0.305 -38.253 0 -1 0 0.956305 0 0.292372 -0.292372 0 0.956305 6632.dat
1 7 5 6.154 -19.126 0 0 -1 0.956305 -0.292372 0 -0.292372 -0.956305 0 32123b.dat
1 7 -35 0.305 -38.253 0 0 -1 0.956305 -0.292372 0 -0.292372 -0.956305 0 32123b.dat
1 7 55 0.305 -38.253 0 0 -1 0.956305 -0.292372 0 -0.292372 -0.956305 0 32123b.dat
1 7 15 6.154 -19.126 0 0 -1 0.956305 -0.292372 0 -0.292372 -0.956305 0 32123b.dat
1 7 10 0.305 -38.253 0 0 -1 0.292372 0.956305 0 0.956305 -0.292372 0 3713.dat
1 0 10 12 0 1 0 0 0 0.956305 0.292372 0 -0.292372 0.956305 32062.dat
1 0 10 6.154 -19.126 1 0 0 0 0.956305 0.292372 0 -0.292372 0.956305 32062.dat
1 0 10 -53.905 -147.161 1 0 0 0 0.956305 0.292372 0 -0.292372 0.956305 32062.dat
1 0 10 -18.822 -32.406 1 0 0 0 0.956305 0.292372 0 -0.292372 0.956305 2780.dat
1 0 0.001 -24.67 -51.533 0 1 0 -0.956305 0 0.292372 0.292372 0 0.956305 32062.dat
1 0 20 -24.67 -51.533 0 1 0 -0.956305 0 0.292372 0.292372 0 0.956305 32062.dat
1 0 -40 -24.67 -51.533 0 1 0 -0.956305 0 0.292372 0.292372 0 0.956305 32062.dat
1 0 60 -24.67 -51.533 0 1 0 -0.956305 0 0.292372 0.292372 0 0.956305 32062.dat
1 0 10 0.305 -38.253 1 0 0 0 0.956305 0.292372 0 -0.292372 0.956305 32073.dat
1 0 10 -36.365 -89.783 1 0 0 0 0.956305 0.292372 0 -0.292372 0.956305 32073.dat
1 15 -30 -65.6 -185.415 1 0 0 0 0.292372 -0.956305 0 0.956305 0.292372 4073.dat
1 15 50 -65.6 -185.415 1 0 0 0 0.292372 -0.956305 0 0.956305 0.292372 4073.dat
1 15 10 -61.093 -239.078 1 0 0 0 0.292372 -0.956305 0 0.956305 0.292372 4073.dat