0 F
0 Name: F.mpd
0 Author: QK Lego Builder
0 !LDRAW_ORG Unofficial_Model

1 7 20.1266 -36.6372 150 0 -0.688188 0.725532 0 0.725532 0.688188 -1 0 0 3673.dat
1 0 20.3628 -22.1559 109.5 0 -0.688188 0.725532 0 0.725532 0.688188 -1 0 0 3705.dat
1 7 19.6559 -22.1372 140 -0.725532 -0.688188 0 -0.688188 0.725532 0 0 0 -1 3648b.dat
1 7 19.6559 -22.1373 98 0.688188 0.725533 0 -0.725533 0.688188 0 0 0 1 4143.dat
1 0 19.1266 -66.6372 160 0 1 0 -1 0 0 0 0 1 3704.dat
1 7 19.2825 -56.2744 160 0 -1 0 0 0 -1 1 0 0 3651.dat
1 7 19.1266 -71.6372 160 -1 0 0 0 0 1 0 1 0 3651.dat
1 7 19.1266 -91.6372 160 -1 0 0 0 1 0 0 0 -1 3652.dat