0 figure2
0 Name: figure2.mpd
0 Author: QK Lego Builder
0 !LDRAW_ORG Unofficial_Model

1 15 189 24 26 0.997564 -0.0697565 0 0.0697565 0.997564 0 0 0 1 2709.dat
1 15 191.197 64.252 26 0.997564 -0.0697565 0 0.0697565 0.997564 0 0 0 1 2704.dat
1 15 204 7 26 1 0 0 0 1 0 0 0 1 2699.dat
1 15 219 24 26 0.996195 0.0871557 0 -0.0871557 0.996195 0 0 0 1 2703.dat
1 15 217.505 64.285 26 0.996195 0.0871557 0 -0.0871557 0.996195 0 0 0 1 2704.dat
1 0 220.989 104.131 26 0.999391 0.0348995 0 -0.0348995 0.999391 0 0 0 1 2706.dat
1 0 188.409 104.153 26 0.999657 -0.0261769 0 0.0261769 0.999657 0 0 0 1 2706.dat
1 15 204 7 26 1 0 0 0 1 0 0 0 1 2698p04.dat
1 15 204 7 26 1 0 0 0 1 0 0 0 1 2710.dat
1 1 177.8 -39 26 -0.96363 0 0.267238 -0.267238 0 -0.96363 0 -1 0 2700.dat
1 1 177.8 -39 26 0 0 1 -1 0 0 0 -1 0 2705.dat
1 1 177.8 -39 26 0 0 1 -1 0 0 0 -1 0 2701.dat
1 1 230.4 -39 26 0 0 -1 -1 0 0 0 1 0 2701.dat
1 7 249.896 23.47 26 -0.953717 0 -0.300706 0.300706 0 -0.953717 0 -1 0 2702.dat
1 1 239.522 -9.439 26 0.953717 0 0.300706 -0.300706 0 0.953717 0 -1 0 2705.dat
1 1 230.2 -39 26 0.953717 0 -0.300706 -0.300706 0 -0.953717 0 1 0 2700.dat
1 1 169.515 -9.132 26 -0.96363 0 0.267238 -0.267238 0 -0.96363 0 -1 0 2701.dat
1 1 239.522 -9.439 26 0.953717 0 -0.300706 -0.300706 0 -0.953717 0 1 0 2700.dat
1 1 169.515 -9.132 26 -0.96363 0 0.267238 -0.267238 0 -0.96363 0 -1 0 2705.dat
1 1 169.515 -9.132 26 -0.96363 0 0.267238 -0.267238 0 -0.96363 0 -1 0 2700.dat
1 7 160.296 24.119 26 0.96363 0 0.267238 0.267238 0 -0.96363 0 1 0 2702.dat
1 7 204 -47 26 1 0 0 0 1 0 0 0 1 2707p06.dat
1 6 204 -89 26 1 0 0 0 1 0 0 0 1 2708.dat
1 15 204 -77 26 1 0 0 0 1 0 0 0 1 2715.dat
1 15 204 -77 26 1 0 0 0 1 0 0 0 1 2716.dat
1 1 230.2 -39 26 0.953717 0 0.300706 -0.300706 0 0.953717 0 -1 0 2705.dat
1 1 239.522 -9.439 26 0.953717 0 -0.300706 -0.300706 0 -0.953717 0 1 0 2701.dat