0 figure1
0 Name: figure1.mpd
0 Author: QK Lego Builder
0 !LDRAW_ORG Unofficial_Model

1 4 0 0 0 1 0 0 0 1 0 0 0 1 2699.dat
1 4 0 0 0 1 0 0 0 1 0 0 0 1 2698p05.dat
1 4 0 0 0 1 0 0 0 1 0 0 0 1 2710.dat
1 4 15 17 0 0.996195 0.0868241 -0.00759612 -0.0871557 0.992404 -0.0868241 0 0.0871557 0.996195 2703.dat
1 4 -15 17 0 0.996195 -0.084186 -0.0225576 0.0871557 0.96225 0.257834 0 -0.258819 0.965926 2709.dat
1 4 -13.387 55.927 -10.353 0.996195 -0.0858317 -0.0151344 0.0871557 0.98106 0.172987 0 -0.173648 0.984808 2704.dat
1 4 13.492 57.132 3.486 0.996195 0.084186 -0.0225576 -0.0871557 0.96225 -0.257834 0 0.258819 0.965926 2704.dat
1 0 16.86 95.623 13.839 1 0 0 0 1 0 0 0 1 2706.dat
1 0 -16.82 95.169 -17.298 1 0 0 0 1 0 0 0 1 2706.dat
1 7 0 -54 0 0.939693 0 -0.34202 0 1 0 0.34202 0 0.939693 2707p06.dat
1 6 0 -96 0 0.939693 0 -0.34202 0 1 0 0.34202 0 0.939693 2708.dat
1 0 26 -46 0 0 0 -1 1 0 0 0 -1 0 2701.dat
1 0 26 -46 0 0 0 -1 1 0 0 0 -1 0 2705.dat
1 0 26 -46 0 0.793353 0 -0.608761 0.608761 0 0.793353 0 -1 0 2700.dat
1 0 44.871 -70.594 0 0.793353 0 -0.608761 0.608761 0 0.793353 0 -1 0 2701.dat
1 0 44.871 -70.594 0 0.793353 0 -0.608761 0.608761 0 0.793353 0 -1 0 2705.dat
1 0 44.871 -70.594 0 0.991445 0 0.130526 -0.130526 0 0.991445 0 -1 0 2700.dat
1 7 40.369 -104.799 0 -0.991445 0 0.130526 0.130526 0 0.991445 0 1 0 2702.dat
1 0 -26 -46 0 0 0 1 -0.906308 -0.422618 0 0.422618 -0.906308 0 2701.dat
1 0 -26 -46 0 0 0 1 -0.906308 -0.422618 0 0.422618 -0.906308 0 2705.dat
1 0 -26 -46 0 -0.92388 0 0.382683 -0.346829 -0.422618 -0.83732 0.161729 -0.906308 0.390449 2700.dat
1 0 -37.863 -20.043 -12.103 -0.92388 0 0.382683 -0.346829 -0.422618 -0.83732 0.161729 -0.906308 0.390449 2701.dat
1 0 -37.863 -20.043 -12.103 -0.999049 0 0.0436188 -0.0395321 -0.422618 -0.905445 0.0184341 -0.906308 0.422216 2705.dat
1 0 -37.863 -20.043 -12.103 -0.999049 0 0.0436188 -0.0395321 -0.422618 -0.905445 0.0184341 -0.906308 0.422216 2700.dat
1 7 -39.369 11.194 -26.67 0.999049 0 0.0436188 0.0395321 0.422618 -0.905445 -0.0184341 0.906308 0.422216 2702.dat