0 helicopter
0 Name: helicopter.mpd
0 Author: QK Lego Builder
0 !LDRAW_ORG Unofficial_Model

1 4 0 -80 310 0 0 1 0 1 0 -1 0 0 3702.dat
1 4 10 -88 370 0 0 1 0 1 0 -1 0 0 3709b.dat
1 4 10 -96 410 0 0 1 0 1 0 -1 0 0 3709b.dat
1 4 10 -200 410 0 0 1 0 1 0 -1 0 0 3709b.dat
1 4 10 -208 390 0 0 1 0 1 0 -1 0 0 3709b.dat
1 4 10 -96 350 0 0 1 0 1 0 -1 0 0 3022.dat
1 4 10 -128 450 0 0 1 0 1 0 -1 0 0 3022.dat
1 4 60 -128 350 0 0 1 0 1 0 -1 0 0 3023.dat
1 4 -40 -128 350 0 0 1 0 1 0 -1 0 0 3023.dat
1 4 10 -136 460 -1 0 0 0 1 0 0 0 -1 3710.dat
1 4 20 -136 620 -1 0 0 0 1 0 0 0 -1 3623.dat
1 4 10 -168 460 -1 0 0 0 1 0 0 0 -1 3710.dat
1 4 20 -168 620 -1 0 0 0 1 0 0 0 -1 3623.dat
1 4 40 -168 650 0 0 -1 0 1 0 1 0 0 3023.dat
1 4 40 -224 670 0 0 -1 0 1 0 1 0 0 3023.dat
1 4 40 -192 640 1 0 0 0 1 0 0 0 1 3040b.dat
1 4 10 -192 440 -1 0 0 0 1 0 0 0 -1 3039.dat
1 4 60 -192 360 -1 0 0 0 1 0 0 0 -1 30071.dat
1 4 -40 -192 360 -1 0 0 0 1 0 0 0 -1 30071.dat
1 4 40 -216 660 1 0 0 0 1 0 0 0 1 3040b.dat
1 15 40 -216 680 1 0 0 0 1 0 0 0 1 3062b.dat
1 4 40 -192 660 -1 0 0 0 1 0 0 0 -1 3665.dat
1 4 10 -136 440 -1 0 0 0 1 0 0 0 -1 3666.dat
1 4 10 -168 440 -1 0 0 0 1 0 0 0 -1 3666.dat
1 4 10 -200 360 -1 0 0 0 1 0 0 0 -1 3666.dat
1 4 60 -136 350 0 0 -1 0 1 0 1 0 0 3023.dat
1 4 -40 -136 350 0 0 -1 0 1 0 1 0 0 3023.dat
1 4 -40 -168 350 0 0 -1 0 1 0 1 0 0 3023.dat
1 4 60 -168 350 0 0 -1 0 1 0 1 0 0 3023.dat
1 4 20 -80 310 0 0 1 0 1 0 -1 0 0 3702.dat
1 0 10 -80 300 1 0 0 0 1 0 0 0 1 2717.dat
1 4 0 -120 350 0 0 1 0 1 0 -1 0 0 3700.dat
1 4 20 -120 350 0 0 1 0 1 0 -1 0 0 3700.dat
1 4 10 -160 440 -1 0 0 0 1 0 0 0 -1 3700.dat
1 4 10 -160 460 -1 0 0 0 1 0 0 0 -1 3700.dat
1 4 10 -160 620 -1 0 0 0 1 0 0 0 -1 3700.dat
1 4 -20 -160 450 0 0 -1 0 1 0 1 0 0 3004.dat
1 4 60 -120 350 0 0 1 0 1 0 -1 0 0 3700.dat
1 4 -40 -120 350 0 0 1 0 1 0 -1 0 0 3700.dat
1 4 10 -120 440 -1 0 0 0 1 0 0 0 -1 3660.dat
1 7 10 -70 270 -1 0 0 0 1 0 0 0 -1 3673.dat
1 0 -10 -70 250 -1 0 0 0 1 0 0 0 -1 4459.dat
1 0 10 -70 310 -1 0 0 0 1 0 0 0 -1 3706.dat
1 0 10 -110 350 -1 0 0 0 1 0 0 0 -1 3707.dat
1 0 10 -70 370 -1 0 0 0 1 0 0 0 -1 3707.dat
1 7 40 -70 310 0 0 -1 0 1 0 1 0 0 3713.dat
1 7 80 -110 350 0 0 -1 0 1 0 1 0 0 3713.dat
1 7 80 -70 370 0 0 -1 0 1 0 1 0 0 3713.dat
1 7 -60 -70 370 0 0 1 0 1 0 -1 0 0 3713.dat
1 7 -60 -110 350 0 0 1 0 1 0 -1 0 0 3713.dat
1 7 -20 -70 290 -1 0 0 0 1 0 0 0 -1 3651.dat
1 7 -20 -70 270 1 0 0 0 1 0 0 0 1 4273b.dat
1 7 -40 -70 330 -1 0 0 0 -1 0 0 0 1 4273b.dat
1 7 60 -70 330 1 0 0 0 1 0 0 0 1 4273b.dat
1 7 60 -70 350 1 0 0 0 -1 0 0 0 -1 4273b.dat
1 7 -40 -70 350 -1 0 0 0 1 0 0 0 -1 4273b.dat
1 0 -20 -70 280 0 0 1 0 1 0 -1 0 0 3704.dat
1 0 -40 -70 340 0 0 1 0 1 0 -1 0 0 3704.dat
1 0 60 -70 340 0 0 1 0 1 0 -1 0 0 3704.dat
1 7 65 -70 310 0 0 -1 0 1 0 1 0 0 4265a.dat
1 7 -45 -70 310 0 0 1 0 1 0 -1 0 0 4265a.dat
1 7 10 -150 425 -1 0 0 0 1 0 0 0 -1 4265a.dat
1 0 -10 -70 350 -1 0 0 0 1 0 0 0 -1 4459.dat
1 4 -20 -110 340 0 0 -1 -1 0 0 0 1 0 3894.dat
1 4 40 -110 340 0 0 -1 -1 0 0 0 1 0 3894.dat
1 4 60 -160 390 0 0 -1 0 1 0 1 0 0 3894.dat
1 4 40 -160 550 0 0 -1 0 1 0 1 0 0 3895.dat
1 4 -40 -160 390 0 0 -1 0 1 0 1 0 0 3894.dat
1 0 30 -70 350 -1 0 0 0 1 0 0 0 -1 4459.dat
1 0 -30 -150 350 -1 0 0 0 1 0 0 0 -1 4459.dat
1 0 50 -150 350 -1 0 0 0 1 0 0 0 -1 4459.dat
1 0 60 -58.5192 397.716 0 0 -1 -0.382684 -0.92388 0 -0.92388 0.382684 0 3704.dat
1 7 60 -62.346 388.477 -1 0 0 0 -0.92388 0.382684 0 0.382684 0.92388 4273b.dat
1 7 60 -54.6924 406.955 -1 0 0 0 0.92388 -0.382684 0 -0.382684 -0.92388 3651.dat
1 7 70 -47.0387 425.432 1 0 0 0 0.92388 0.382684 0 -0.382684 0.92388 3749.dat
1 7 80 -47.0387 425.432 0 0 -1 0.382684 0.92388 0 0.92388 -0.382684 0 3482.dat
1 15 80 -47.0387 425.432 0 0 -1 0.382684 0.92388 0 0.92388 -0.382684 0 3483.dat
1 0 -20 -58.5192 222.285 0 0 -1 -0.382683 0.92388 0 0.92388 0.382683 0 3704.dat
1 7 -20 -62.346 231.524 -1 0 0 0 0.92388 0.382683 0 0.382683 -0.92388 4273b.dat
1 7 -20 -54.6923 213.046 -1 0 0 0 -0.92388 -0.382683 0 -0.382683 0.92388 3651.dat
1 7 -10 -47.0387 194.569 1 0 0 0 -0.92388 0.382683 0 -0.382683 -0.92388 3749.dat
1 7 0 -47.0387 194.569 0 0 -1 0.382683 -0.92388 0 -0.92388 -0.382683 0 3482.dat
1 15 0 -47.0387 194.569 0 0 -1 0.382683 -0.92388 0 -0.92388 -0.382683 0 3483.dat
1 0 -40 -58.5192 397.716 0 0 1 -0.382684 -0.92388 0 -0.92388 0.382684 0 3704.dat
1 7 -40 -62.346 388.477 1 0 0 0 -0.92388 0.382684 0 0.382684 0.92388 4273b.dat
1 7 -40 -54.6924 406.955 1 0 0 0 0.92388 -0.382684 0 -0.382684 -0.92388 3651.dat
1 7 -50 -47.0387 425.432 -1 0 0 0 0.92388 0.382684 0 -0.382684 0.92388 3749.dat
1 7 -60 -47.0387 425.432 0 0 1 0.382684 0.92388 0 0.92388 -0.382684 0 3482.dat
1 15 -60 -47.0387 425.432 0 0 1 0.382684 0.92388 0 0.92388 -0.382684 0 3483.dat