0 Jedi Knight Droid Part 4
0 Name: Jedi Knight Droid Part 4.mpd
0 Author: QK Lego Builder
0 !LDRAW_ORG Unofficial_Model

1 0 0 8 0 1 0 0 0 0.740218 0.672367 0 -0.672367 0.740218 3707.dat
1 0 0 -72 80 1 0 0 0 1 0 0 0 1 3706.dat
1 0 0 48 10 0 0 -1 0 1 0 1 0 0 3707.dat
1 0 -50 48 -40 0 0 -1 0 1 0 1 0 0 4519.dat
1 0 50 48 -40 0 0 -1 0 1 0 1 0 0 4519.dat
1 0 0 68 0 1 0 0 0 1 0 0 0 1 3706.dat
1 0 0 88 60 1 0 0 0 1 0 0 0 1 3705.dat
1 0 0 -2 60 0 1 0 -1 0 0 0 0 1 3705.dat
1 7 40 88 0 1 0 0 0 1 0 0 0 1 3749.dat
1 7 -40 88 0 -1 0 0 0 1 0 0 0 -1 3749.dat
1 7 -60 88 20 -1 0 0 0 1 0 0 0 -1 3749.dat
1 7 60 88 20 1 0 0 0 1 0 0 0 1 3749.dat
1 7 -20 -18.894 -29.608 1 0 0 0 0.740218 0.672367 0 -0.672367 0.740218 2736.dat
1 7 -20 50 -120 0 -1 0 1 0 0 0 0 1 2736.dat
1 7 20 -18.894 -29.608 -1 0 0 0 0.740218 -0.672367 0 -0.672367 -0.740218 2736.dat
1 7 40 -32 80 -1 0 0 0 1 0 0 0 -1 3749.dat
1 7 -40 -32 80 1 0 0 0 1 0 0 0 1 3749.dat
1 7 25 -32 80 0 0 1 0 1 0 -1 0 0 32123a.dat
1 7 -25 -32 80 0 0 1 0 1 0 -1 0 0 32123a.dat
1 8 40 28 80 -1 0 0 0 1 0 0 0 -1 32002.dat
1 8 -40 28 80 1 0 0 0 1 0 0 0 1 32002.dat
1 0 40 88 40 1 0 0 0 1 0 0 0 1 2780.dat
1 0 60 -12 80 1 0 0 0 1 0 0 0 1 2780.dat
1 0 -39.788 -24.781 -24.119 0.108386 0.980785 -0.162212 -0.858848 0.0102102 -0.512129 -0.500633 0.194823 0.843452 6644.dat
1 0 -19.998 37.7 -127.02 -0.980785 -0.108386 0.162212 -0.0102102 0.858848 0.512129 -0.194823 0.500633 -0.843452 6644.dat
1 7 -34.759 -8.904 -50.265 0.980785 0.162212 0.108386 0.0102102 0.512129 -0.858848 0.194823 -0.843452 -0.500633 342.dat
1 7 -25.027 21.824 -100.873 0.980785 -0.162212 0.108386 0.0102102 -0.512129 -0.858848 0.194823 0.843452 -0.500633 342.dat
1 0 40 68 -60 1 0 0 0 1 0 0 0 1 2780.dat
1 0 -40 68 -60 1 0 0 0 1 0 0 0 1 2780.dat
1 0 32.817 108 -285.837 0.777146 0 0.62932 0 -1 0 0.62932 0 -0.777146 2780.dat
1 0 -31.85 108 -286 -0.801254 0 -0.598325 0 1 0 0.598325 0 -0.801254 2780.dat
1 0 -31.85 68 -286 -0.801254 0 -0.598325 0 1 0 0.598325 0 -0.801254 2780.dat
1 0 -60 -12 80 1 0 0 0 1 0 0 0 1 2780.dat
1 1 50 88 80 0 -1 0 0 0 1 -1 0 0 32009.dat
1 1 -50 8 0 1 0 0 0 0 -1 0 1 0 32013.dat
1 1 50 8 0 1 0 0 0 0 -1 0 1 0 32013.dat
1 1 1 -42 60 0 -1 0 0 0 1 -1 0 0 6538a.dat
1 1 1 68 -80 0 0 1 0 1 0 -1 0 0 6538a.dat
1 15 -60 30 -120 0 1 0 0 0 -1 -1 0 0 6538a.dat
1 15 60 30 -120 0 1 0 0 0 -1 -1 0 0 6538a.dat
1 1 -50 88 80 0 -1 0 0 0 1 -1 0 0 32009.dat
1 0 0 68 -20 1 0 0 0 1 0 0 0 1 2780.dat
1 0 0 68 20 1 0 0 0 1 0 0 0 1 2780.dat
1 7 0 8 0 0 0 1 -0.672367 0.740218 0 -0.740218 -0.672367 0 3648b.dat
1 7 30 88 60 0 -1 0 -1 0 0 0 0 -1 32140.dat
1 7 50 68 -20 1 0 0 0 -1 0 0 0 -1 32039.dat
1 7 -50 68 -20 1 0 0 0 -1 0 0 0 -1 32039.dat
1 1 -50 48 -20 0 -1 0 -1 0 0 0 0 -1 32039.dat
1 1 50 48 -20 0 -1 0 -1 0 0 0 0 -1 32039.dat
1 7 -30 88 60 0 -1 0 -1 0 0 0 0 -1 32140.dat
1 7 0 48 80 1 0 0 0 1 0 0 0 1 94925.dat
1 7 0 48 43 1 0 0 0 1 0 0 0 1 6589.dat
1 7 0 31 60 1 0 0 0 0 1 0 -1 0 6589.dat
1 7 10 68 60 0 -1 0 0 0 -1 1 0 0 32068.dat
1 7 0 48 35 1 0 0 0 1 0 0 0 1 32123a.dat
1 7 15 88 60 0 0 -1 0 1 0 1 0 0 32123a.dat
1 7 -15 88 60 0 0 -1 0 1 0 1 0 0 32123a.dat
1 7 0 48 0 1 0 0 0 1 0 0 0 1 4716.dat
1 7 0 -21.608 26.894 0 0 1 -0.672367 0.740218 0 -0.740218 -0.672367 0 3713.dat
1 7 0 -12 60 -1 0 0 0 0 -1 0 -1 0 3713.dat
1 0 0 -82 60 0 1 0 -1 0 0 0 0 1 3705.dat
1 7 0 -92 60 -1 0 0 0 0 -1 0 -1 0 3713.dat
1 7 0 -112 60 -1 0 0 0 0 -1 0 -1 0 32269.dat
1 7 -35 -72 80 0 0 1 0 1 0 -1 0 0 32123a.dat
1 7 -45 8 60 0 0 1 0 1 0 -1 0 0 32123a.dat
1 7 45 8 60 0 0 1 0 1 0 -1 0 0 32123a.dat
1 7 0 23 60 0 1 0 0 0 -1 -1 0 0 32123a.dat
1 7 -20 -72 80 0 0 1 0 1 0 -1 0 0 3713.dat
1 7 0 -72 80 1 0 0 0 0 1 0 -1 0 6536.dat
1 7 50 48 -60 0 0 -1 0 1 0 1 0 0 6536.dat
1 15 50 68 -80 1 0 0 0 1 0 0 0 1 6536.dat
1 15 70 68 -80 1 0 0 0 1 0 0 0 1 6536.dat
1 15 -70 68 -80 1 0 0 0 1 0 0 0 1 6536.dat
1 15 -50 68 -80 1 0 0 0 1 0 0 0 1 6536.dat
1 15 -27.896 108 -263.991 0 -0.598325 0.801254 -1 0 0 0 -0.801254 -0.598325 6536.dat
1 15 -27.896 68 -263.991 0 -0.598325 0.801254 -1 0 0 0 -0.801254 -0.598325 6536.dat
1 0 -60 88 -90 0 0 1 1 0 0 0 1 0 32069.dat
1 0 60 88 -90 0 0 1 1 0 0 0 1 0 32069.dat
1 0 33.279 -25.133 -24.407 -0.0267285 -0.99389 0.107092 0.851026 -0.0788276 -0.519173 0.524443 0.0772613 0.847933 6644.dat
1 0 20.214 38.207 -127.857 -0.99389 -0.0267285 -0.107092 -0.0788276 0.851026 0.519173 0.0772613 0.524443 -0.847933 6644.dat
1 7 -50 48 -60 0 0 -1 0 1 0 1 0 0 6536.dat
1 7 -50 68 -40 -1 0 0 0 -1 0 0 0 1 6536.dat
1 7 50 68 -40 -1 0 0 0 -1 0 0 0 1 6536.dat
1 7 35 -72 80 0 0 -1 0 1 0 1 0 0 32123a.dat
1 7 20 -72 80 0 0 -1 0 1 0 1 0 0 3713.dat
1 7 70 8 0 0 0 -1 0.672367 0.740218 0 0.740218 -0.672367 0 3713.dat
1 7 29.959 -9.038 -50.694 0.99389 -0.107092 0.0267285 0.0788276 0.519173 -0.851026 -0.0772613 -0.847933 -0.524443 342.dat
1 7 23.534 22.112 -101.569 0.99389 0.107092 0.0267285 0.0788276 -0.519173 -0.851026 -0.0772613 0.847933 -0.524443 342.dat
1 7 -70 8 0 0 0 -1 0.672367 0.740218 0 0.740218 -0.672367 0 3713.dat
1 15 -15 8 0 0 1 0 -0.672367 0 -0.740218 -0.740218 0 0.672367 32056.dat
1 15 0 48 0 0 -1 0 0 0 1 -1 0 0 32166.dat
1 15 0 48 0 0 1 0 0 0 1 1 0 0 32166.dat
1 15 0 8 60 0 0 1 1 0 0 0 1 0 32034.dat
1 15 35 8 80 0 1 0 1 0 0 0 0 -1 2905.dat
1 15 -35 8 80 0 1 0 1 0 0 0 0 -1 2905.dat
1 15 15 8 0 0 1 0 -0.672367 0 -0.740218 -0.740218 0 0.672367 32056.dat
1 15 -35 68 -40 0 1 0 1 0 0 0 0 -1 6632.dat
1 15 -25 68 -40 0 1 0 1 0 0 0 0 -1 6632.dat
1 15 -60 55 -120 0 0 1 0 1 0 -1 0 0 6632.dat
1 15 -60 65 -120 0 0 1 0 1 0 -1 0 0 6632.dat
1 7 20 50 -120 0 1 0 1 0 0 0 0 -1 2736.dat
1 15 60 55 -120 0 0 -1 0 1 0 1 0 0 6632.dat
1 15 60 65 -120 0 0 -1 0 1 0 1 0 0 6632.dat
1 15 60 88 -120 -1 0 0 0 1 0 0 0 -1 32271.dat
1 15 -60 88 -120 1 0 0 0 -1 0 0 0 -1 32271.dat
1 15 25 68 -40 0 1 0 1 0 0 0 0 -1 6632.dat
1 15 35 68 -40 0 1 0 1 0 0 0 0 -1 6632.dat
1 0 0 -21.608 26.894 1 0 0 0 0.740218 0.672367 0 -0.672367 0.740218 32062.dat
1 0 -50 38 0 0 1 0 -1 0 0 0 0 1 32062.dat
1 0 -40 68 -40 -1 0 0 0 -1 0 0 0 1 32062.dat
1 0 40 68 -40 -1 0 0 0 -1 0 0 0 1 32062.dat
1 0 -30 8 60 1 0 0 0 1 0 0 0 1 32062.dat
1 0 30 8 60 1 0 0 0 1 0 0 0 1 32062.dat
1 0 50 38 0 0 1 0 -1 0 0 0 0 1 32062.dat
1 0 -40 68 -80 1 0 0 0 1 0 0 0 1 3705.dat
1 0 -60 71 -120 0 -1 0 1 0 0 0 0 1 3705.dat
1 0 -27.896 88 -263.991 0 -0.598325 -0.801254 1 0 0 0 -0.801254 0.598325 4519.dat
1 0 32.817 68 -285.837 0.777146 0 0.62932 0 -1 0 0.62932 0 -0.777146 2780.dat
1 15 28 68 -264 0 0.62932 -0.777146 1 0 0 0 -0.777146 -0.62932 6536.dat
1 15 28 108 -264 0 0.62932 -0.777146 1 0 0 0 -0.777146 -0.62932 6536.dat
1 0 28 88 -264 0 0.62932 0.777146 -1 0 0 0 -0.777146 0.62932 4519.dat
1 0 60 71 -120 0 -1 0 1 0 0 0 0 1 3705.dat
1 0 40 68 -80 1 0 0 0 1 0 0 0 1 3705.dat
1 7 -70 88 20 0 0 1 0 1 0 -1 0 0 3482.dat
1 7 -70 88 20 0 0 1 0 1 0 -1 0 0 56897.dat
1 7 70.1 88 20 0 0 -1 0 1 0 1 0 0 3482.dat
1 7 70.1 88 20 0 0 -1 0 1 0 1 0 0 56897.dat