0 L-3GO Trainer Part 2
0 Name: L-3GO Trainer Part 2.mpd
0 Author: QK Lego Builder
0 !LDRAW_ORG Unofficial_Model

1 0 -20 8 0 1 0 0 0 1 0 0 0 1 3706.dat
1 0 50 -16 0 0 -1 0 1 0 0 0 0 1 4519.dat
1 15 -90 -52 0 -1 0 0 0 0 -1 0 -1 0 32034.dat
1 7 44.167 -12 29.228 0.19509 0.980785 0 0 0 -1 -0.980785 0.19509 0 3749.dat
1 7 -84.128 -12 29.619 -0.19509 0.980785 0 0 0 -1 -0.980785 -0.19509 0 3749.dat
1 15 -90 -112 0 -1 0 0 0 0 -1 0 -1 0 32013.dat
1 15 50 -112 0 -1 0 0 0 0 -1 0 -1 0 32013.dat
1 0 -90 -82 0 0 0 -1 1 0 0 0 -1 0 32062.dat
1 0 50 -82 0 0 0 -1 1 0 0 0 -1 0 32062.dat
1 15 50 -52 0 -1 0 0 0 0 -1 0 -1 0 32034.dat
1 0 -90 -16 0 0 -1 0 1 0 0 0 0 1 4519.dat
1 0 -20 28 -10 0 0 -1 0 1 0 1 0 0 32062.dat
1 0 -20 28 -70 0 0 -1 0 1 0 1 0 0 3705.dat
1 15 -20 28 -30 -1 0 0 0 1 0 0 0 -1 6538a.dat
1 0 -20 8 -60 1 0 0 0 1 0 0 0 1 3705.dat
1 0 -20 8 -80 1 0 0 0 1 0 0 0 1 3705.dat
1 8 0 8 -100 -1 0 0 0 1 0 0 0 -1 32002.dat
1 15 -50 8 0 0 -1 0 -1 0 0 0 0 -1 32006.dat
1 15 10 8 0 0 1 0 1 0 0 0 0 -1 32006.dat
1 15 -20 28 0 0 0 1 0 -1 0 1 0 0 6536.dat
1 15 -20 28 -60 0 0 1 0 -1 0 1 0 0 6536.dat
1 7 -20 8 -80 1 0 0 0 1 0 0 0 1 6536.dat
1 7 -20 -12 -95 1 0 0 0 0 1 0 -1 0 6632.dat
1 7 -70 8 0 0 0 1 1 0 0 0 1 0 32039.dat
1 7 30 8 0 0 0 -1 1 0 0 0 -1 0 32039.dat
1 1 50.019 -12 -0.195 0 0.980785 0.19509 1 0 0 0 0.19509 -0.980785 32013.dat
1 7 -35 8 0 0 0 1 1 0 0 0 1 0 32123a.dat
1 7 -40 8 -60 0 0 1 1 0 0 0 1 0 3713.dat
1 7 -5 8 0 0 0 1 1 0 0 0 1 0 32123a.dat
1 7 -35 8 -80 0 0 1 1 0 0 0 1 0 32123a.dat
1 7 10 8 -80 0 -1 0 -1 0 0 0 0 -1 32140.dat
1 7 -50 8 -80 0 -1 0 -1 0 0 0 0 -1 32140.dat
1 7 -5 8 -80 0 0 1 1 0 0 0 1 0 32123a.dat
1 7 0 8 -60 0 0 1 1 0 0 0 1 0 3713.dat
1 0 -20 -12 -140 1 0 0 0 1 0 0 0 1 3705.dat
1 7 -10 -12 -140 0 0 1 1 0 0 0 1 0 3713.dat
1 7 -30 -12 -140 0 0 1 0 1 0 -1 0 0 3482.dat
1 7 -22 -12 -140 0 0 1 0 1 0 -1 0 0 56897.dat
1 1 -89.981 -12 0.195 0 0.980785 -0.19509 1 0 0 0 -0.19509 -0.980785 32013.dat
1 1 -83.4453 -12 33.051 0 -0.1951 -0.9808 1 0 0 0 -0.9808 0.1951 79.dat
1 1 -82.372 -12 38.4462 0 0.1951 -0.9808 1 0 0 0 0.9808 0.1951 80.dat
1 1 -81.2987 -12 43.8418 0 0.1951 -0.9808 1 0 0 0 0.9808 0.1951 80.dat
1 1 -80.1631 -12 49.2232 0 0.2201 -0.9755 1 0 0 0 0.9755 0.2201 80.dat
1 1 -78.8204 -12 54.5659 0 0.272 -0.9623 1 0 0 0 0.9623 0.272 80.dat
1 1 -77.1844 -12 59.8313 0 0.3263 -0.9453 1 0 0 0 0.9453 0.3263 80.dat
1 1 -75.245 -12 64.9842 0 0.3831 -0.9237 1 0 0 0 0.9237 0.3831 80.dat
1 1 -72.9869 -12 70.0087 0 0.4418 -0.8971 1 0 0 0 0.8971 0.4418 80.dat
1 1 -70.4045 -12 74.8654 0 0.5021 -0.8648 1 0 0 0 0.8648 0.5021 80.dat
1 1 -67.4847 -12 79.5331 0 0.5635 -0.8261 1 0 0 0 0.8261 0.5635 80.dat
1 1 -64.228 -12 83.9685 0 0.625 -0.7806 1 0 0 0 0.7806 0.625 80.dat
1 1 -60.6262 -12 88.1453 0 0.6858 -0.7278 1 0 0 0 0.7278 0.6858 80.dat
1 1 -56.7038 -12 92.0011 0 0.7446 -0.6675 1 0 0 0 0.6675 0.7446 80.dat
1 1 -52.4621 -12 95.5087 0 0.8004 -0.5995 1 0 0 0 0.5995 0.8004 80.dat
1 1 -47.9226 -12 98.6241 0 0.8517 -0.524 1 0 0 0 0.524 0.8517 80.dat
1 1 -43.1132 -12 101.306 0 0.8973 -0.4414 1 0 0 0 0.4414 0.8973 80.dat
1 1 -38.0681 -12 103.517 0 0.936 -0.3521 1 0 0 0 0.3521 0.936 80.dat
1 1 -32.8271 -12 105.223 0 0.9663 -0.2574 1 0 0 0 0.2574 0.9663 80.dat
1 1 -27.4569 -12 106.391 0 0.9874 -0.1581 1 0 0 0 0.1581 0.9874 80.dat
1 1 -21.9858 -12 107.007 0 0.9985 -0.0556 1 0 0 0 0.0556 0.9985 80.dat
1 1 -16.4883 -12 107.052 0 0.9988 0.0486 1 0 0 0 -0.0486 0.9988 80.dat
1 1 -11.0191 -12 106.524 0 0.9883 0.1528 1 0 0 0 -0.1528 0.9883 80.dat
1 1 -5.6326 -12 105.426 0 0.9668 0.2555 1 0 0 0 -0.2555 0.9668 80.dat
1 1 -0.3823 -12 103.77 0 0.935 0.3546 1 0 0 0 -0.3546 0.935 80.dat
1 1 4.661 -12 101.583 0 0.8938 0.4485 1 0 0 0 -0.4485 0.8938 80.dat
1 1 9.4536 -12 98.8981 0 0.8444 0.5358 1 0 0 0 -0.5358 0.8444 80.dat
1 1 13.9579 -12 95.7525 0 0.7883 0.6152 1 0 0 0 -0.6152 0.7883 80.dat
1 1 18.1433 -12 92.1898 0 0.7274 0.6862 1 0 0 0 -0.6862 0.7274 80.dat
1 1 21.9872 -12 88.2573 0 0.6633 0.7483 1 0 0 0 -0.7483 0.6633 80.dat
1 1 25.4744 -12 84.0045 0 0.5977 0.8018 1 0 0 0 -0.8018 0.5977 80.dat
1 1 28.6106 -12 79.4641 0 0.5319 0.8468 1 0 0 0 -0.8468 0.5319 80.dat
1 1 31.38 -12 74.7044 0 0.4673 0.8841 1 0 0 0 -0.8841 0.4673 80.dat
1 1 33.7992 -12 69.7551 0 0.4047 0.9145 1 0 0 0 -0.9145 0.4047 80.dat
1 1 35.8761 -12 64.6625 0 0.3447 0.9387 1 0 0 0 -0.9387 0.3447 80.dat
1 1 37.6308 -12 59.4489 0 0.2877 0.9577 1 0 0 0 -0.9577 0.2877 80.dat
1 1 39.0821 -12 54.1327 0 0.2338 0.9723 1 0 0 0 -0.9723 0.2338 80.dat
1 1 40.2735 -12 48.7567 0 0.1953 0.9808 1 0 0 0 -0.9808 0.1953 80.dat
1 1 41.3491 -12 43.3602 0 0.1957 0.9807 1 0 0 0 -0.9807 0.1957 80.dat
1 1 42.4254 -12 37.9663 0 0.1957 0.9807 1 0 0 0 -0.9807 0.1957 79.dat