0 L-3GO Trainer 7
0 Name: L-3GO Trainer 7.mpd
0 Author: QK Lego Builder
0 !LDRAW_ORG Unofficial_Model

1 15 17.46 -8.189 0 0 0.992005 0.126199 0 0.126199 -0.992005 -1 0 0 32173.dat
1 15 53.334 21.888 -10 -0.83147 0 -0.55557 0.55557 0 -0.83147 0 -1 0 32006.dat
1 15 53.334 21.888 10 0.83147 0 -0.55557 -0.55557 0 -0.83147 0 1 0 32006.dat
1 0 20 -28 0 0 0.83147 -0.55557 0 -0.55557 -0.83147 -1 0 0 32062.dat
1 0 53.334 21.888 0 0 0.83147 -0.55557 0 -0.55557 -0.83147 -1 0 0 3705.dat