0 Leg 1
0 Name: Leg 1.mpd
0 Author: QK Lego Builder
0 !LDRAW_ORG Unofficial_Model

1 8 -50 16 0 0 1 0 0 0 -1 -1 0 0 32249.dat
1 8 -20 16 0 0 1 0 0 0 -1 -1 0 0 32249.dat
1 8 15 -24.2 0 0 1 0 0 0 -1 -1 0 0 32014.dat
1 8 14.9 15.9 0 0 0 1 -1 0 0 0 -1 0 32016.dat
1 8 -20 15.798 -80.216 0 1 0 0.913545 0 -0.406737 -0.406737 0 -0.913545 6632.dat
1 8 -50 15.798 -80.216 0 1 0 0.913545 0 -0.406737 -0.406737 0 -0.913545 6632.dat
1 8 -35 16 0 0 1 0 1 0 0 0 0 -1 32271.dat
1 8 -34 64 -156.1 1 0 0 0 0.601815 -0.798636 0 0.798636 0.601815 32310.dat
1 0 -34 47.9629 -144.116 1 0 0 0 0.601815 -0.798636 0 0.798636 0.601815 32062.dat
1 8 -35 -24.11 0.59 -1 0 0 0 -0.981627 -0.190809 0 -0.190809 0.981627 32013.dat
1 8 -35 -1.219 -117.205 -1 0 0 0 0.981627 0.190809 0 0.190809 -0.981627 32013.dat
1 0 -35 -12.552 -58.897 0 0 1 0.190809 0.981627 0 -0.981627 0.190809 0 32073.dat
1 0 -24.9 -24 0 -1 0 0 0 0 -1 0 -1 0 4519.dat
1 0 -24.9 16 0 -1 0 0 0 0 -1 0 -1 0 4519.dat
1 0 -35.3 16 -40 -1 0 0 0 0 -1 0 -1 0 32062.dat
1 0 -35.3 15.919 -79.942 -1 0 0 0 0.913545 -0.406737 0 -0.406737 -0.913545 32062.dat
1 0 -35.3 -0.349 -116.483 -1 0 0 0 0.913545 -0.406737 0 -0.406737 -0.913545 32062.dat
1 7 -35.5 -7.439 -85.206 -1 0 0 0 0.190809 -0.981627 0 -0.981627 -0.190809 79.dat
1 7 -35.5 -8.488 -79.803 -1 0 0 0 -0.190809 -0.981627 0 0.981627 -0.190809 80.dat
1 7 -35.5 -9.537 -74.4 -1 0 0 0 -0.190809 -0.981627 0 0.981627 -0.190809 80.dat
1 7 -35.5 -10.588 -69 -1 0 0 0 -0.190809 -0.981627 0 0.981627 -0.190809 80.dat
1 7 -35.5 -11.638 -63.597 -1 0 0 0 -0.190809 -0.981627 0 0.981627 -0.190809 80.dat
1 7 -35.5 -12.687 -58.198 -1 0 0 0 -0.190809 -0.981627 0 0.981627 -0.190809 80.dat
1 7 -35.5 -13.737 -52.793 -1 0 0 0 -0.190809 -0.981627 0 0.981627 -0.190809 80.dat
1 7 -35.5 -14.79 -47.387 -1 0 0 0 -0.190809 -0.981627 0 0.981627 -0.190809 80.dat
1 7 -35.5 -15.84 -41.985 -1 0 0 0 -0.190809 -0.981627 0 0.981627 -0.190809 80.dat
1 7 -35.5 -16.89 -36.584 -1 0 0 0 -0.190809 -0.981627 0 0.981627 -0.190809 80.dat
1 7 -35.5 -17.939 -31.183 -1 0 0 0 -0.190809 -0.981627 0 0.981627 -0.190809 79.dat