0 Part 1
0 Name: Part 1.mpd
0 Author: QK Lego Builder
0 !LDRAW_ORG Unofficial_Model

1 15 0 8 0 -1 0 0 0 1 0 0 0 -1 6143.dat
1 15 0 0 -10 1 0 0 0 1 0 0 0 1 3023.dat
1 15 -40 -48 10 1 0 0 0 1 0 0 0 1 3023.dat
1 15 64 -22 0 0 -1 0 0 0 -1 1 0 0 3023.dat
1 15 0 0 10 1 0 0 0 1 0 0 0 1 3023.dat
1 15 0 -24 0 1 0 0 0 1 0 0 0 1 3003.dat
1 15 0 -40 0 1 0 0 0 1 0 0 0 1 3795.dat
1 16 0 -4.111 -20.665 1 0 0 0 0.92388 0.382683 0 -0.382683 0.92388 Part 2.mpd
1 15 10 -32 0 0 0 -1 0 1 0 1 0 0 44728.dat
1 15 50 -72 0 0 0 -1 0 1 0 1 0 0 44728.dat
1 15 72 -42 -10 0 -1 0 -1 0 0 0 0 -1 63864.dat
1 15 72 -42 10 0 -1 0 -1 0 0 0 0 -1 3623.dat
1 15 -10 -96 0 0 0 1 0 1 0 -1 0 0 2432.dat
1 15 -10 -32 0 0 0 1 0 1 0 -1 0 0 44728.dat
1 15 -10 -64 0 0 0 1 0 1 0 -1 0 0 3700.dat
1 15 50 -64 0 0 0 1 0 1 0 -1 0 0 3700.dat
1 0 40 -54 0 1 0 0 0 0.92388 0.382683 0 -0.382683 0.92388 2780.dat
1 0 0 -54 0 1 0 0 0 1 0 0 0 1 2780.dat
1 15 -40 -48 -10 1 0 0 0 1 0 0 0 1 2540.dat
1 15 -40 -82.356 -48.384 1 0 0 0 0.707107 0.707107 0 -0.707107 0.707107 30031.dat
1 0 -40 -56 0 1 0 0 0 1 0 0 0 1 4079.dat
1 0 -40 -46 -30 1 0 0 0 -0.707107 0.707107 0 -0.707107 -0.707107 30377.dat
1 15 -56 -22 0 0 1 0 0 0 -1 -1 0 0 3039.dat
1 0 -32 -12 -10 0 1 0 -1 0 0 0 0 1 60471.dat
1 0 -32 -12 10 0 1 0 1 0 0 0 0 -1 60471.dat
1 16 -58.284 -22 -58.284 0.707107 0 -0.707107 0 1 0 0.707107 0 0.707107 Part 3.mpd
1 16 58.284 -22 58.284 -0.707107 0 0.707107 0 1 0 -0.707107 0 -0.707107 Part 3.mpd
1 16 58.284 -22 -58.284 -0.707107 0 -0.707107 0 1 0 0.707107 0 -0.707107 Part 3.mpd
1 16 -58.284 -22 58.284 0.707107 0 0.707107 0 1 0 -0.707107 0 0.707107 Part 3.mpd
1 15 56 -22 0 0 -1 0 0 0 -1 1 0 0 3039.dat
1 0 32 -12 10 0 -1 0 -1 0 0 0 0 -1 60471.dat
1 0 32 -12 -10 0 -1 0 1 0 0 0 0 1 60471.dat