0 propellor
0 Name: propellor.mpd
0 Author: QK Lego Builder
0 !LDRAW_ORG Unofficial_Model

1 0 141.791 -196.774 149.996 0 0.777944 0.628333 0 -0.628333 0.777944 1 0 0 4519.dat
1 0 141.769 -196.902 159.996 -0.777944 0.628333 0 0.628333 0.777945 0 0 0 -1 2952.dat
1 0 141.769 -196.902 159.996 0.628334 -0.777944 0 0.777944 0.628334 0 0 0 1 2952.dat
1 7 141.769 -196.902 174.996 0.628333 -0.777944 0 0.777944 0.628333 0 0 0 1 4265a.dat
1 7 141.769 -196.902 124.996 -0.628333 -0.777944 0 -0.777944 0.628333 0 0 0 -1 4265a.dat