0 R2D2 Part 5
0 Name: R2D2 Part 5.mpd
0 Author: QK Lego Builder
0 !LDRAW_ORG Unofficial_Model

1 15 0 24 0 1 0 0 0 1 0 0 0 1 4477.dat
1 15 0 24 60 1 0 0 0 1 0 0 0 1 4477.dat
1 15 80 16 30 0 0 -1 0 1 0 1 0 0 3020.dat
1 15 -70 0 30 0 0 1 0 1 0 -1 0 0 3037.dat
1 15 -50 -24 30 0 0 1 0 1 0 -1 0 0 3037.dat
1 15 0 0 60 1 0 0 0 1 0 0 0 1 3894.dat
1 15 0 0 0 1 0 0 0 1 0 0 0 1 3894.dat
1 15 0 -40 0 1 0 0 0 1 0 0 0 1 3701.dat
1 15 0 -30 -20 -1 0 0 0 0 1 0 1 0 32175.dat
1 15 70 -8 50 0 0 -1 0 1 0 1 0 0 3039.dat
1 15 50 -40 50 0 0 -1 0 1 0 1 0 0 3039.dat
1 15 50 -48 30 0 0 -1 0 1 0 1 0 0 2412b.dat
1 15 50 -8 30 0 0 -1 0 1 0 1 0 0 3710.dat
1 15 60 -16 40 0 0 -1 0 1 0 1 0 0 3021.dat
1 15 70 -8 0 0 0 -1 0 1 0 1 0 0 3040b.dat
1 15 50 -32 0 0 0 -1 0 1 0 1 0 0 3040b.dat
1 7 70 -8 20 0 0 -1 0 1 0 1 0 0 6541.dat
1 7 -30 -8 0 0 0 -1 0 1 0 1 0 0 4073.dat
1 7 -30 -16 0 0 0 -1 0 1 0 1 0 0 4073.dat
1 7 30 -8 0 0 0 -1 0 1 0 1 0 0 4073.dat
1 7 30 -16 0 0 0 -1 0 1 0 1 0 0 4073.dat
1 7 -2 -40 80 0 -1 0 0 0 -1 1 0 0 4073.dat
1 7 6 -40 80 0 -1 0 0 0 -1 1 0 0 4073.dat
1 7 -2 20 80 0 -1 0 0 0 -1 1 0 0 4073.dat
1 7 6 20 80 0 -1 0 0 0 -1 1 0 0 4073.dat
1 7 80 2 20 1 0 0 0 1 0 0 0 1 4274.dat
1 7 50 -40 20 0 0 -1 0 1 0 1 0 0 6541.dat
1 7 60 -30 20 1 0 0 0 1 0 0 0 1 4274.dat
1 8 20 10 -10 0 0 1 0 1 0 -1 0 0 32002.dat
1 8 -20 10 -10 0 0 1 0 1 0 -1 0 0 32002.dat
1 8 0 -30 -10 0 0 1 0 1 0 -1 0 0 32002.dat
1 0 0 10 30 0 0 1 0 1 0 -1 0 0 3705.dat
1 0 0 -50 60 1 0 0 0 1 0 0 0 1 4519.dat
1 0 -20 10 70 0 0 1 0 1 0 -1 0 0 4459.dat
1 0 20 -10 90 0 0 1 0 1 0 -1 0 0 4459.dat
1 7 -20 -10 90 0 0 -1 0 1 0 1 0 0 3749.dat
1 0 112.032 -26.023 110 0 0.284015 -0.95882 0 0.95882 0.284015 1 0 0 4459.dat
1 7 124 -42.05 110 0 0.801254 0.598325 0 0.598325 -0.801254 -1 0 0 3749.dat
1 7 -20 -10 100 0 0 1 -1 0 0 0 -1 0 32271.dat
1 7 141.909 -66.087 114 0.801254 0 0.598325 0.598325 0 -0.801254 0 1 0 32063.dat
1 7 141.909 -66.087 124 0.801254 0 0.598325 0.598325 0 -0.801254 0 1 0 32063.dat
1 0 20 10 80 0 0 1 0 1 0 -1 0 0 6558.dat
1 0 20 -30 80 0 0 1 0 1 0 -1 0 0 6558.dat
1 7 40 10 90 0 0 1 0 1 0 -1 0 0 32126.dat
1 7 40 10 110 0 0 1 0 -1 0 1 0 0 32126.dat
1 0 -20 -30 70 0 0 1 0 1 0 -1 0 0 4459.dat
1 0 0 -70 50 0 0 1 0 1 0 -1 0 0 4459.dat
1 7 0 10 40 1 0 0 0 1 0 0 0 1 3713.dat
1 7 0 10 28 1 0 0 0 1 0 0 0 1 56897.dat
1 7 0 10 20 1 0 0 0 1 0 0 0 1 3482.dat
1 0 171.825 -106.149 109 0 -0.801254 0.598325 0 -0.598325 -0.801254 1 0 0 4459.dat
1 15 -10 -10 80 0 -1 0 1 0 0 0 0 1 3701.dat
1 15 30 -10 80 0 -1 0 1 0 0 0 0 1 3701.dat
1 7 20 -50 60 1 0 0 0 1 0 0 0 1 6536.dat
1 7 -20 -50 60 1 0 0 0 1 0 0 0 1 6536.dat
1 15 0 -50 60 -1 0 0 0 -1 0 0 0 1 6536.dat