0 Seated_figure
0 Name: Seated_figure.mpd
0 Author: QK Lego Builder
0 !LDRAW_ORG Unofficial_Model

1 1 10 -80.741 62.952 1 0 0 0 0.984808 0.173648 0 -0.173648 0.984808 2699.dat
1 4 10 -80.741 62.952 1 0 0 0 0.984808 0.173648 0 -0.173648 0.984808 2698p01.dat
1 1 10 -80.741 62.952 1 0 0 0 0.984808 0.173648 0 -0.173648 0.984808 2710.dat
1 1 25 -64 60 1 0 0 0 -0.165048 0.986286 0 -0.986286 -0.165048 2703.dat
1 1 -5 -64 60 1 0 0 0 -0.165048 0.986286 0 -0.986286 -0.165048 2709.dat
1 1 0 -70.602 20.551 1 0 0 0 0.300707 0.953717 0 -0.953717 0.300707 2704.dat
1 1 20 -70.602 20.551 1 0 0 0 0.300706 0.953718 0 -0.953718 0.300706 2704.dat
1 0 20 -58.536 -17.601 1 0 0 0 0.25038 0.968148 0 -0.968148 0.25038 2706.dat
1 0 0 -58.566 -17.54 1 0 0 0 0.25038 0.968148 0 -0.968148 0.25038 2706.dat
1 7 10 -133.921 72.33 1 0 0 0 1 0 0 0 1 2707p06.dat
1 15 10 -161.421 72.33 1 0 0 0 0.968148 0.25038 0 -0.25038 0.968148 2715.dat
1 15 10 -161.421 72.33 1 0 0 0 0.968148 0.25038 0 -0.25038 0.968148 2716.dat
1 0 10 -175.921 72.329 1 0 0 0 1 0 0 0 1 2708.dat
1 1 36.2 -126.043 70.94 0 0 -1 -0.737277 0.67559 0 0.67559 0.737277 0 2701.dat
1 1 36.2 -126.043 70.94 0 0 -1 -0.737277 0.67559 0 0.67559 0.737277 0 2705.dat
1 1 36.2 -126.043 70.94 0.939693 0 -0.34202 -0.252164 0.67559 -0.692814 0.231065 0.737277 0.634847 2700.dat
1 1 46.802 -104.567 51.26 0.939693 0 -0.34202 -0.252164 0.67559 -0.692814 0.231065 0.737277 0.634847 2701.dat
1 1 46.802 -104.567 51.26 0.939693 0 -0.34202 -0.252164 0.67559 -0.692814 0.231065 0.737277 0.634847 2705.dat
1 1 46.802 -104.567 51.26 0.996195 0 0.0871557 0.064258 0.67559 -0.734472 -0.0588816 0.737277 0.673019 2700.dat
1 7 43.797 -79.224 28.039 -0.996195 0 0.0871557 -0.064258 -0.67559 -0.734472 0.0588816 -0.737277 0.673019 2702.dat
1 1 -16.2 -126.043 70.94 0 0 1 -0.422618 -0.906308 0 0.906308 -0.422618 0 2701.dat
1 1 -16.2 -126.043 70.94 0 0 1 -0.422618 -0.906308 0 0.906308 -0.422618 0 2705.dat
1 1 -16.2 -126.043 70.94 -0.965926 0 0.258819 -0.109382 -0.906308 -0.408218 0.23457 -0.422618 0.875426 2700.dat
1 1 -24.223 -113.388 43.804 -0.965926 0 0.258819 -0.109382 -0.906308 -0.408218 0.23457 -0.422618 0.875426 2701.dat
1 1 -24.223 -113.388 43.804 -0.965926 0 0.258819 -0.109382 -0.906308 -0.408218 0.23457 -0.422618 0.875426 2705.dat
1 1 -24.223 -113.388 43.804 -0.965926 0 -0.258819 0.109382 -0.906308 -0.408218 -0.23457 -0.422618 0.875426 2700.dat
1 7 -15.295 -99.305 13.598 0.965926 0 -0.258819 -0.109382 0.906308 -0.408218 0.23457 0.422618 0.875426 2702.dat