0 Seated_figure
0 Name: Seated_figure.mpd
0 Author: QK Lego Builder
0 !LDRAW_ORG Unofficial_Model

1 1 0 -80.741 52.952 1 0 0 0 0.984808 0.173648 0 -0.173648 0.984808 2699.dat
1 15 0 -80.741 52.952 1 0 0 0 0.984808 0.173648 0 -0.173648 0.984808 2698.dat
1 1 0 -80.741 52.952 1 0 0 0 0.984808 0.173648 0 -0.173648 0.984808 2710.dat
1 1 15 -64 50 1 0 0 0 -0.267238 0.96363 0 -0.96363 -0.267238 2703.dat
1 1 -15 -64 50 1 0 0 0 -0.258819 0.965926 0 -0.965926 -0.258819 2709.dat
1 1 -10 -74.352 11.365 1 0 0 0 0.469472 0.882948 0 -0.882948 0.469472 2704.dat
1 1 10 -74.244 11.504 1 0 0 0 0.453991 0.891007 0 -0.891007 0.453991 2704.dat
1 0 10 -56.082 -24.136 1 0 0 0 0.453991 0.891007 0 -0.891007 0.453991 2706.dat
1 0 -10 -55.568 -23.948 1 0 0 0 0.469472 0.882948 0 -0.882948 0.469472 2706.dat
1 7 0 -133.921 62.33 1 0 0 0 1 0 0 0 1 2707p01.dat
1 15 0 -165.921 62.33 1 0 0 0 1 0 0 0 1 2715.dat
1 15 0 -165.921 62.33 1 0 0 0 1 0 0 0 1 2716.dat
1 0 0 -175.921 62.329 1 0 0 0 1 0 0 0 1 2708.dat
1 1 26.2 -126.043 60.94 0 0 -1 -0.737277 0.67559 0 0.67559 0.737277 0 2701.dat
1 1 26.2 -126.043 60.94 0 0 -1 -0.737277 0.67559 0 0.67559 0.737277 0 2705.dat
1 1 26.2 -126.043 60.94 0.939693 0 -0.34202 -0.252164 0.67559 -0.692814 0.231065 0.737277 0.634847 2700.dat
1 1 36.802 -104.567 41.26 0.939693 0 -0.34202 -0.252164 0.67559 -0.692814 0.231065 0.737277 0.634847 2701.dat
1 1 36.802 -104.567 41.26 0.939693 0 -0.34202 -0.252164 0.67559 -0.692814 0.231065 0.737277 0.634847 2705.dat
1 1 36.802 -104.567 41.26 0.996195 0 0.0871557 0.064258 0.67559 -0.734472 -0.0588816 0.737277 0.673019 2700.dat
1 7 33.797 -79.224 18.039 -0.996195 0 0.0871557 -0.064258 -0.67559 -0.734472 0.0588816 -0.737277 0.673019 2702.dat
1 1 -26.2 -126.043 60.94 0 0 1 -0.422618 -0.906308 0 0.906308 -0.422618 0 2701.dat
1 1 -26.2 -126.043 60.94 0 0 1 -0.422618 -0.906308 0 0.906308 -0.422618 0 2705.dat
1 1 -26.2 -126.043 60.94 -0.965926 0 0.258819 -0.109382 -0.906308 -0.408218 0.23457 -0.422618 0.875426 2700.dat
1 1 -34.223 -113.388 33.804 -0.965926 0 0.258819 -0.109382 -0.906308 -0.408218 0.23457 -0.422618 0.875426 2701.dat
1 1 -34.223 -113.388 33.804 -0.965926 0 0.258819 -0.109382 -0.906308 -0.408218 0.23457 -0.422618 0.875426 2705.dat
1 1 -34.223 -113.388 33.804 -0.965926 0 -0.258819 0.109382 -0.906308 -0.408218 -0.23457 -0.422618 0.875426 2700.dat
1 7 -25.295 -99.305 3.598 0.965926 0 -0.258819 -0.109382 0.906308 -0.408218 0.23457 0.422618 0.875426 2702.dat