0 shovel
0 Name: shovel.mpd
0 Author: QK Lego Builder
0 !LDRAW_ORG Unofficial_Model

1 7 10 -89.0817 -198.736 0 0 -1 -0.323984 0.946063 0 0.946063 0.323984 0 3895.dat
1 7 0 -47.2227 -290.103 1 0 0 0 0.922956 -0.384906 0 0.384906 0.922956 3673.dat
1 4 -70 -67.5675 -312.878 0 0 -1 1 0.00568587 0 0.0056858 -1 0 3710.dat
1 4 -70 -67.6129 -304.878 0 0 -1 1 0.00568587 0 0.0056858 -1 0 3710.dat
1 4 -70 -67.7494 -280.879 0 0 -1 1 0.00568587 0 0.0056858 -1 0 3701.dat
1 4 -40 -67.522 -320.878 1 0 0 0 0.00568573 1 0 -1 0.00568573 3456.dat
1 4 -180 -67.5675 -312.878 1 0 0 0 0.00568573 1 0 -1 0.00568573 3020.dat
1 4 100 -67.5674 -312.878 1 0 0 0 0.00568573 1 0 -1 0.00568573 3020.dat
1 4 120 -67.522 -320.878 0 0 -1 1 0.00568587 0 0.0056858 -1 0 3795.dat
1 4 -10 -67.5674 -312.878 0 0 -1 1 0.00568587 0 0.0056858 -1 0 3710.dat
1 4 -10 -67.6129 -304.878 0 0 -1 1 0.00568587 0 0.0056858 -1 0 3710.dat
1 4 -10 -67.7494 -280.879 0 0 -1 1 0.00568587 0 0.0056858 -1 0 3701.dat
1 4 -200 -67.522 -320.878 0 0 -1 1 0.00568587 0 0.0056858 -1 0 3795.dat
1 0 -40 -87.6925 -290.992 1 0 0 0 -0.354657 0.934996 0 -0.934996 -0.354657 3706.dat
1 0 -40 -105.796 -119.1 1 0 0 0 0.70491 0.709297 0 -0.709297 0.70491 3707.dat
1 7 -90 -88.985 -198.379 0 0 -1 -0.323984 0.946063 0 0.946063 0.323984 0 3895.dat
1 7 -80 -47.6929 -290.765 1 0 0 0 0.00568585 1 0 -1 0.00568585 3673.dat
1 7 -110 -65.7725 39.5 0 0 1 -1 0.00872649 0 -0.00872645 -1 0 3713.dat
1 0 -40 -65.7725 39.5 1 0 0 0 1 -0.0087209 0 0.0087209 1 3707.dat
1 7 -70 -65.2768 40.0044 0 0 1 0.00872673 1 0 -1 0.00872673 0 3713.dat
1 7 30 -65.2768 40.0043 0 0 -1 1 0.00872641 0 0.00872639 -1 0 3713.dat
1 7 -10 -65.2768 40.0044 0 0 -1 -0.00872673 1 0 1 0.00872673 0 3713.dat
1 7 -55 -87.8724 -290.96 0 0 -1 0.934996 -0.354658 0 -0.354658 -0.934996 0 4265a.dat
1 7 -25 -87.8724 -290.96 0 0 1 -0.934996 -0.354657 0 0.354657 -0.934996 0 4265a.dat
1 0 -40 -87.4129 -290.218 -1 0 0 0 -0.105002 0.994472 0 0.994472 0.105002 337.dat
1 7 -40 -94.4179 -223.874 -1 0 0 0 -0.105002 0.994472 0 0.994472 0.105002 128.dat
1 7 -40 -95.3629 -214.924 -1 0 0 0 -0.105002 0.994472 0 0.994472 0.105002 127.dat
1 7 -40 -103.973 -133.377 -1 0 0 0 -0.105002 0.994472 0 0.994472 0.105002 4701.dat
1 0 -40 -47.9058 -101.472 -1 0 0 0 -0.121874 0.992584 0 0.992584 0.121874 337.dat
1 7 -40 -52.4801 -64.217 -1 0 0 0 -0.121874 0.992584 0 0.992584 0.121874 128.dat
1 7 -40 -53.5769 -55.2837 -1 0 0 0 -0.121874 0.992584 0 0.992584 0.121874 127.dat
1 7 -40 -63.5706 26.1082 -1 0 0 0 -0.121874 0.992584 0 0.992584 0.121874 4701.dat
1 7 -80 -95.7236 -147.836 0 1 0 -0.323983 0 0.946063 0.946063 0 0.323983 4263.dat
1 7 0 -96.076 -147.482 0 -1 0 0.323983 0 0.946063 -0.946063 0 0.323983 4263.dat
1 7 -66 -77.0793 -110.418 0 -1 0 0.957206 0 -0.289403 0.289404 0 0.957206 4263.dat
1 7 -14 -77.0793 -110.418 0 1 0 -0.957206 0 -0.289403 -0.289404 0 0.957206 4263.dat
1 0 -40 -48.3631 -101.736 1 0 0 0 0.289403 0.957206 0 -0.957206 0.289404 3706.dat
1 7 10 -48.3631 -101.736 0 0 -1 0.957206 0.289403 0 0.289404 -0.957206 0 3713.dat
1 7 -90 -48.3631 -101.736 0 0 1 -0.957206 0.289403 0 -0.289404 -0.957206 0 3713.dat