0 Spine
0 Name: Spine.mpd
0 Author: QK Lego Builder
0 !LDRAW_ORG Unofficial_Model

1 8 -50 16 0 0 1 0 -1 0 0 0 0 1 32009.dat
1 8 -20.1 16 -60 0 0 -1 -1 0 0 0 1 0 6538a.dat
1 8 -40.1 -144 0 0 -1 0 -1 0 0 0 0 -1 6538a.dat
1 8 -0.1 -144 0 0 -1 0 -1 0 0 0 0 -1 6538a.dat
1 8 10 16 0 0 1 0 -1 0 0 0 0 1 32009.dat
1 8 21.202 72.569 28.284 0 -1 0 -0.707107 0 -0.707107 0.707107 0 -0.707107 32140.dat
1 8 21.202 85.951 13.421 0 1 0 0.669131 0 -0.743145 -0.743145 0 -0.669131 33299.dat
1 8 41.202 85.951 13.421 0 1 0 -0.743145 0 -0.669131 -0.669131 0 0.743145 32140.dat
1 8 -78.798 85.951 13.421 0 1 0 -0.743145 0 -0.669131 -0.669131 0 0.743145 32140.dat
1 8 -58.799 72.569 28.285 0 -1 0 -0.707107 0 -0.707107 0.707107 0 -0.707107 32140.dat
1 8 23.8 72.569 28.284 1 0 0 0 -0.615661 -0.788011 0 0.788011 -0.615661 6587.dat
1 8 -60.2 72.569 28.284 -1 0 0 0 -0.669131 0.743145 0 0.743145 0.669131 6587.dat
1 8 20 -104 0 0 0 -1 0 1 0 1 0 0 6536.dat
1 8 40 -104 20 0 0 -1 0 1 0 1 0 0 6536.dat
1 8 -80 -104 20 0 0 -1 0 1 0 1 0 0 6536.dat
1 8 -20 -104 -14.9 -1 0 0 0 0 1 0 1 0 2905.dat
1 8 -40 -144.1 25.1 -1 0 0 0 0 1 0 1 0 6632.dat
1 8 -40 -144.1 -24.9 -1 0 0 0 0 1 0 1 0 6632.dat
1 8 0 -144.1 -24.9 -1 0 0 0 0 1 0 1 0 6632.dat
1 8 0 -144.1 25.1 -1 0 0 0 0 1 0 1 0 6632.dat
1 8 -40 -104.1 35.1 0 0 -1 -1 0 0 0 1 0 32056.dat
1 8 -40 -104.1 35.2 0 0 -1 -1 0 0 0 1 0 32056.dat
1 8 0 -104.1 35.1 0 0 1 -1 0 0 0 -1 0 32056.dat
1 8 0 -104.1 45.1 0 0 1 1 0 0 0 1 0 6632.dat
1 8 -80 -104.1 45.1 0 0 1 1 0 0 0 1 0 6632.dat
1 8 -20 -104 15.1 -1 0 0 0 0 1 0 1 0 2905.dat
1 8 -60 -104 0 0 0 -1 0 1 0 1 0 0 6536.dat
1 8 30 16 -140 0 1 0 -1 0 0 0 0 1 32316.dat
1 8 -70 16 -140 0 1 0 -1 0 0 0 0 1 32316.dat
1 8 -35 16 0 0 1 0 0 0 -1 -1 0 0 32250.dat
1 8 -5 16 0 0 1 0 0 0 -1 -1 0 0 32250.dat
1 0 -19.4 -64 0 -1 0 0 0 -1 0 0 0 1 3705.dat
1 0 20 -104 0 0 0 -1 0 -1 0 -1 0 0 32062.dat
1 0 40 -104 30 0 0 -1 0 -1 0 -1 0 0 32062.dat
1 0 30 85.951 13.421 -1 0 0 0 -0.669131 0.743145 0 0.743145 0.669131 32062.dat
1 8 -58.798 85.951 13.421 0 -1 0 -0.669131 0 -0.743145 0.743145 0 -0.669131 33299.dat
1 0 -67.596 85.951 13.421 1 0 0 0 0.669131 0.743145 0 -0.743145 0.669131 32062.dat
1 0 0 -144 -20 0 0 -1 0 -1 0 -1 0 0 32062.dat
1 0 0 -104 -10 0 0 -1 0 -1 0 -1 0 0 3706.dat
1 0 -40 -104 -10 0 0 -1 0 -1 0 -1 0 0 3706.dat
1 0 -40 -144 -20 0 0 -1 0 -1 0 -1 0 0 32062.dat
1 0 -80 -104 30 0 0 -1 0 -1 0 -1 0 0 32062.dat
1 0 -60 -104 0 0 0 -1 0 -1 0 -1 0 0 32062.dat
1 0 -19.4 -83.9 0 -1 0 0 0 -1 0 0 0 1 32073.dat
1 0 -19.4 -24 0 -1 0 0 0 -1 0 0 0 1 3705.dat
1 0 -20 -4.1 0 -1 0 0 0 -1 0 0 0 1 32184.dat
1 0 -19.4 -123.8 0 -1 0 0 0 -1 0 0 0 1 4519.dat
1 0 -40 -144.1 30 0 0 -1 0 -1 0 -1 0 0 4519.dat
1 0 0 -144.1 30 0 0 -1 0 -1 0 -1 0 0 4519.dat
1 0 -40 -103.9 0 -1 0 0 0 -1 0 0 0 1 32184.dat
1 0 0 -103.9 0 -1 0 0 0 -1 0 0 0 1 32184.dat
1 0 -19.4 16 -40 -1 0 0 0 -1 0 0 0 1 3705.dat
1 0 20.6 16 -60 1 0 0 0 -1 0 0 0 -1 3705.dat
1 0 -70 16 -140 -1 0 0 0 -1 0 0 0 1 6558.dat
1 0 30 16 -140 1 0 0 0 -1 0 0 0 -1 6558.dat
1 0 50 -84 20 -1 0 0 0 -1 0 0 0 1 6628.dat
1 0 -90 -84 20 1 0 0 0 -1 0 0 0 -1 6628.dat
1 0 20 16 -120 1 0 0 0 -1 0 0 0 -1 2780.dat
1 0 40 16 -180 1 0 0 0 -1 0 0 0 -1 2780.dat
1 0 -80 16 -180 1 0 0 0 -1 0 0 0 -1 2780.dat
1 0 -60 16 -120 1 0 0 0 -1 0 0 0 -1 2780.dat
1 7 -60 16 -160 1 0 0 0 -1 0 0 0 -1 3749.dat
1 7 20 16 -160 -1 0 0 0 -1 0 0 0 1 3749.dat
1 0 -59.4 16 -60 -1 0 0 0 -1 0 0 0 1 3705.dat
1 0 -20 -64 0 0 1 0 0 0 -1 -1 0 0 32140.dat
1 0 -20 16 0 -1 0 0 0 -0.707107 0.707107 0 0.707107 0.707107 3706.dat
1 7 -45 16 0 0 0 1 0 -1 0 1 0 0 32123b.dat
1 7 -65 16 -60 0 0 1 0 -1 0 1 0 0 32123b.dat
1 7 -75 16 0 0 0 1 0 -1 0 1 0 0 32123b.dat
1 7 25 16 -60 0 0 1 0 -1 0 1 0 0 32123b.dat
1 7 35 16 0 0 0 1 0 -1 0 1 0 0 32123b.dat
1 7 -0.1 -144 -35.1 -1 0 0 0 -1 0 0 0 1 32123b.dat
1 7 -40.1 -144 -35.1 -1 0 0 0 -1 0 0 0 1 32123b.dat
1 7 -5 16 0 0 0 1 0 -1 0 1 0 0 32123b.dat
1 7 -20 16 -40 0 0 1 0 -1 0 1 0 0 3713.dat
1 7 -40 -144 50 -1 0 0 0 -1 0 0 0 1 3713.dat
1 7 0 -144 50 -1 0 0 0 -1 0 0 0 1 3713.dat