0 steer
0 Name: steer.mpd
0 Author: QK Lego Builder
0 !LDRAW_ORG Unofficial_Model

1 7 -40 -165.821 260 0.988972 -0.148106 0 0 0 1 -0.148106 -0.988972 0 3326b.dat
1 7 -40.4945 -115.821 260.074 0.148108 -0.988971 0 0 0 -1 0.988971 0.148108 0 3713.dat
1 0 -40.4945 -105.821 260.074 0 0.988971 0.148107 -1 0 0 0 -0.148107 0.988971 3705.dat
1 7 -39.5055 -73.8207 259.926 0.148108 0.988971 0 0 0 1 0.988971 -0.148108 0 3648b.dat
1 7 -40 -334.321 260 0.988972 -0.148105 0 0 0 1 -0.148105 -0.988972 0 3736.dat
1 0 -40 -263.821 260 0 -0.148106 0.988972 -1 0 0 0 -0.988972 -0.148106 3707.dat
1 7 -40.0741 -298.321 259.505 0.148108 -0.988971 0 0 0 -1 0.988971 0.148108 0 3713.dat
1 7 50 2.17929 310.055 0 1 0 1 0 0 0 0 -1 3749.dat
1 7 -40 -21.8207 310 1 0 0 0 1 0 0 0 1 3710.dat
1 7 -40 -29.8207 310 1 0 0 0 1 0 0 0 1 3743.dat
1 7 -130 2.17929 310.055 0 1 0 1 0 0 0 0 -1 3749.dat
1 7 -40 -43.8207 290.5 -1 0 0 0 1 0 0 0 -1 3650c.dat
1 0 -40 -43.8207 279.5 0 0 1 0 1 0 -1 0 0 3707.dat
1 7 -40 -43.8207 310 1 0 0 0 1 0 0 0 1 3647.dat
1 7 -40 -43.8207 230 -1 0 0 0 1 0 0 0 -1 3713.dat
1 7 -40 -43.8207 330 1 0 0 0 1 0 0 0 1 3647.dat
1 7 -140 12.1793 350 1 0 0 0 1 0 0 0 1 3673.dat
1 0 -149.5 11.6793 350 0 0 1 0 1 0 -1 0 0 2696.dat
1 15 -150 12.1793 350 0 0 1 -1 0 0 0 -1 0 2695.dat
1 0 69.5 11.6793 350 0 0 -1 0 1 0 1 0 0 2696.dat
1 15 69.5 11.6793 350 0 0 -1 -1 0 0 0 1 0 2695.dat
1 7 60 11.6793 350 1 0 0 0 1 0 0 0 1 3673.dat
1 7 -40 -13.8207 310 1 0 0 0 1 0 0 0 1 2719.dat
1 7 -130 2.17931 350 -1 0 0 0 1 0 0 0 -1 4261.dat
1 7 50 2.17931 350 -1 0 0 0 1 0 0 0 -1 4261.dat
1 7 -40 -195.821 260 -0.988972 -0.148105 0 0 0 -1 0.148105 -0.988972 0 3712.dat
1 7 -40 -135.821 260 0.148106 0.988972 0 0 0 1 0.988972 -0.148106 0 3712.dat