0 subModel-9
0 Name: subModel-9.mpd
0 Author: QK Lego Builder
0 !LDRAW_ORG Unofficial_Model

1 0 0 -24 26 0 0 -1 0 1 0 1 0 0 3703.dat
1 0 -10 -14 -114 -1 0 0 0 1 0 0 0 -1 2780.dat
1 0 -10 -14 86 -1 0 0 0 1 0 0 0 -1 2780.dat
1 7 -10 -14 146 -1 0 0 0 1 0 0 0 -1 3749.dat
1 0 50 -14 166 -1 0 0 0 0.9336 -0.3584 0 -0.3584 -0.9336 3706.dat
1 7 20 -14 166 0 0 1 -0.3584 0.9336 0 -0.9336 -0.3584 0 3713.dat
1 7 40 -14 166 0 0 1 -0.3584 0.9336 0 -0.9336 -0.3584 0 3647.dat
1 7 60 -14 166 0 0 1 -0.3584 0.9336 0 -0.9336 -0.3584 0 3648a.dat
1 7 80 -14 166 0 0 -1 0.3584 0.9336 0 0.9336 -0.3584 0 3713.dat
1 0 100 -24 26 0 0 -1 0 1 0 1 0 0 3703.dat
1 7 110 -14 146 1 0 0 0 -1 0 0 0 -1 3749.dat
1 0 110 -14 86 1 0 0 0 -1 0 0 0 -1 2780.dat
1 0 110 -14 -114 1 0 0 0 -1 0 0 0 -1 2780.dat