0 subModel-12
0 Name: subModel-12.mpd
0 Author: QK Lego Builder
0 !LDRAW_ORG Unofficial_Model

1 7 0 -6 -6 1 0 0 0 1 0 0 0 1 4477.dat
1 0 -90 -30 4 0 0 -1 0 1 0 1 0 0 32000.dat
1 0 -50 -30 4 0 0 -1 0 1 0 1 0 0 6565.dat
1 0 0 -30 -6 -1 0 0 0 1 0 0 0 -1 3700.dat
1 0 40 -30 -6 -1 0 0 0 1 0 0 0 -1 32000.dat
1 0 90 -30 -6 0 0 1 0 1 0 -1 0 0 6541.dat
1 0 70 -30 -6 -1 0 0 0 1 0 0 0 -1 4070.dat
1 0 100 -20 -6 -1 0 0 0 1 0 0 0 -1 2780.dat
1 0 -100 -20 -6 -1 0 0 0 1 0 0 0 -1 2780.dat
1 7 30 -20 -16 0 0 1 0 1 0 -1 0 0 3749.dat
1 7 30 -20 -26 1 0 0 0 1 0 0 0 1 3647.dat
1 7 70 -20 8 1 0 0 0 0 1 0 -1 0 4073.dat
1 0 50 -20 -6 0 0.9336 0.3584 0 -0.3584 0.9336 1 0 0 4519.dat
1 7 50 -20 -26 0.9336 0.3584 0 -0.3584 0.9336 0 0 0 1 3647.dat
1 7 50 -20 24 -0.9336 0.3584 0 0.3584 0.9336 0 0 0 -1 6538b.dat
1 0 0 -20 -6 0 0.9781 -0.2079 0 0.2079 0.9781 1 0 0 4519.dat
1 7 0 -20 24 -0.9781 -0.2079 0 -0.2079 0.9781 0 0 0 -1 6538b.dat
1 7 0 -20 -26 0.9781 -0.2079 0 0.2079 0.9781 0 0 0 1 4019.dat
1 0 0 -38 -6 1 0 0 0 1 0 0 0 1 4477.dat
1 0 50 -20 44 0 0 -1 0 1 0 1 0 0 32062.dat
1 0 0 -20 44 0 -0.2079 -0.9781 0 0.9781 -0.2079 1 0 0 32062.dat
1 7 50 -20 68 -0.9336 0 -0.3584 0.3584 0 -0.9336 0 -1 0 2819.dat