0 subModel-10
0 Name: subModel-10.mpd
0 Author: QK Lego Builder
0 !LDRAW_ORG Unofficial_Model

1 0 0 -17 0 1 0 0 0 1 0 0 0 1 4519.dat
1 0 -20 -17 0 1 0 0 0 1 0 0 0 1 6536.dat
1 0 20 -17 0 1 0 0 0 1 0 0 0 1 6536.dat
1 0 0 -17 0 1 0 0 0 0 1 0 -1 0 6536.dat
1 8 20 3 20 0 -1 0 0 0 1 -1 0 0 6587.dat
1 8 -20 3 20 0 -1 0 0 0 1 -1 0 0 6587.dat
1 0 0 -17 -20 0 0 -1 1 0 0 0 -1 0 6558.dat
1 0 20 3 15 0 0 -1 1 0 0 0 -1 0 6632.dat
1 0 20 3 25 0 0 -1 1 0 0 0 -1 0 6632.dat
1 7 0 3 -40 1 0 0 0 0 -1 0 1 0 6536.dat
1 7 0 -37 -40 1 0 0 0 0 -1 0 1 0 6536.dat
1 0 -20 3 60 0 0.3827 0.9239 1 0 0 0 0.9239 -0.3827 32015.dat
1 0 20 3 60 0 -0.3827 -0.9239 -1 0 0 0 0.9239 -0.3827 32015.dat
1 0 47.7164 3 71.4805 -0.9239 0 0.3827 0 1 0 -0.3827 0 -0.9239 32062.dat
1 0 -47.7164 3 71.4805 -0.9239 0 -0.3827 0 1 0 0.3827 0 -0.9239 32062.dat
1 0 0 3 -40 -1 0 0 0 1 0 0 0 -1 32062.dat
1 0 10 -37 -40 -1 0 0 0 1 0 0 0 -1 3705.dat
1 0 75.4328 3 82.961 0 0.3827 0.9239 -1 0 0 0 -0.9239 0.3827 32013.dat
1 0 -75.4328 3 82.961 0 0.3827 -0.9239 -1 0 0 0 0.9239 0.3827 32013.dat
1 8 75.4328 -7 82.961 0 0.3827 -0.9239 -1 0 0 0 0.9239 0.3827 32002.dat
1 8 20 -7 60 0 0.3827 -0.9239 -1 0 0 0 0.9239 0.3827 32002.dat
1 8 -20 -7 60 0 0.3827 -0.9239 -1 0 0 0 0.9239 0.3827 32002.dat
1 8 -75.4328 -7 82.961 0 0.3827 -0.9239 -1 0 0 0 0.9239 0.3827 32002.dat
1 7 15 3 -40 0 -1 0 0 0 -1 1 0 0 6632.dat
1 7 -15 3 -40 0 -1 0 0 0 -1 1 0 0 6632.dat
1 7 -25 -37 -40 0 -1 0 0 0 -1 1 0 0 6632.dat
1 7 25 -37 -40 0 -1 0 0 0 -1 1 0 0 6632.dat
1 7 0 -77 -40 0 0 1 -1 0 0 0 -1 0 6538b.dat
1 0 -40 -77 -40 1 0 0 0 1 0 0 0 1 3705.dat
1 0 40 -77 -40 1 0 0 0 1 0 0 0 1 3705.dat
1 7 -35 -77 -40 0 0 -1 -1 0 0 0 1 0 4265b.dat
1 7 35 -77 -40 0 0 1 -1 0 0 0 -1 0 4265b.dat
1 0 60 -37 -40 0 0 1 0 -1 0 1 0 0 32013.dat
1 7 -50 -197 -120 0 -1 0 0.8 0 0.6 -0.6 0 0.8 6629.dat
1 7 50 -197 -120 0 -1 0 0.8 0 0.6 -0.6 0 0.8 6629.dat
1 7 60 -37 -50 0 -1 0 0 0 1 -1 0 0 4274.dat
1 0 0 -197 -120 1 0 0 0 -0.6 0.8 0 -0.8 -0.6 3706.dat
1 7 -30 -207 -180 0 0 1 0 1 0 -1 0 0 3702.dat
1 7 -20 -197 -160 1 0 0 0 1 0 0 0 1 3749.dat
1 7 0 -197 -160 0 0 -1 0 1 0 1 0 0 6538b.dat
1 7 20 -197 -160 -1 0 0 0 1 0 0 0 -1 3749.dat
1 7 -30 -183 -240 0 0 1 0 1 0 -1 0 0 3666.dat
1 7 -30 -215 -240 0 0 1 0 1 0 -1 0 0 3666.dat
1 7 -30 -207 -300 0 0 1 0 1 0 -1 0 0 3701.dat
1 7 -15 -181 -132 0 0 -1 -0.6 -0.8 0 -0.8 0.6 0 6575.dat
1 7 30 -207 -180 0 0 1 0 1 0 -1 0 0 3702.dat
1 7 30 -215 -240 0 0 1 0 1 0 -1 0 0 3666.dat
1 7 30 -183 -240 0 0 1 0 1 0 -1 0 0 3666.dat
1 7 30 -207 -300 0 0 1 0 1 0 -1 0 0 3701.dat
1 7 15 -181 -132 0 0 1 0.6 -0.8 0 0.8 0.6 0 6575.dat
1 7 0 -197 -120 0 0 1 0.6 -0.8 0 0.8 0.6 0 3713.dat
1 0 0 -197 -280 1 0 0 0 0 -1 0 1 0 3705.dat
1 0 0 -197 -240 1 0 0 0 0 -1 0 1 0 3705.dat
1 0 15 -197 -280 0 1 0 -1 0 0 0 0 1 6632.dat
1 0 -15 -197 -280 0 1 0 -1 0 0 0 0 1 6632.dat
1 7 0 -197 -240 1 0 0 0 1 0 0 0 1 6536.dat
1 7 0 -197 -280 0 0 -1 0 1 0 1 0 0 3713.dat
1 7 -80 -77 -40 0 0 1 -1 0 0 0 -1 0 6538b.dat
1 7 80 -77 -40 0 0 1 -1 0 0 0 -1 0 6538b.dat
1 2 0 -215 -310 1 0 0 0 1 0 0 0 1 3710.dat