0 subModel-8
0 Name: subModel-8.mpd
0 Author: QK Lego Builder
0 !LDRAW_ORG Unofficial_Model

1 0 0 -13 53 1 0 0 0 1 0 0 0 1 3701.dat
1 0 -20 -3 -17 0 0.0698 -0.9976 0 0.9976 0.0698 1 0 0 3737.dat
1 7 -20 -3 66 0.9976 0.0698 0 -0.0698 0.9976 0 0 0 1 6589.dat
1 7 -20 -3 40 -0.9976 0.0698 0 0.0698 0.9976 0 0 0 -1 6589.dat
1 7 -20 -3 26 -0.9976 -0.0698 0 0.0698 -0.9976 0 0 0 1 6589.dat
1 7 -20 -3 -67 -0.9976 -0.0698 0 0.0698 -0.9976 0 0 0 1 3647.dat