0 subModel-3
0 Name: subModel-3.mpd
0 Author: QK Lego Builder
0 !LDRAW_ORG Unofficial_Model

1 0 0 -23 2 0 0 1 0 1 0 -1 0 0 3702.dat
1 0 -10 -13 62 1 0 0 0 1 0 0 0 1 2780.dat
1 0 50 -13 42 1 0 0 0 0.9903 -0.1392 0 0.1392 0.9903 3706.dat
1 8 20 -13 42 0 0 1 -0.0175 0.9998 0 -0.9998 -0.0175 0 6542a.dat
1 7 40 -13 42 0 0 -1 -0.1392 0.9903 0 0.9903 0.1392 0 3713.dat
1 7 60 -13 42 0 0 -1 -0.1392 0.9903 0 0.9903 0.1392 0 3647.dat
1 15 80 -13 42 0 0 -1 -0.1392 0.9903 0 0.9903 0.1392 0 76244.dat
1 0 20 -13 2 -1 0 0 0 1 0 0 0 -1 4519.dat
1 7 50 -13 2 0 0 1 0 1 0 -1 0 0 6538b.dat
1 0 80 -13 2 -1 0 0 0 1 0 0 0 -1 4519.dat
1 8 20 -13 2 0 0 1 0.2079 0.9781 0 -0.9781 0.2079 0 6542a.dat
1 7 80 -13 2 0 0 -1 0 1 0 1 0 0 3713.dat
1 0 50 -13 -38 1 0 0 0 1 0 0 0 1 3706.dat
1 7 20 -13 -38 0 0 -1 0 1 0 1 0 0 4019.dat
1 7 87 -13 -38 0 0 -1 0 1 0 1 0 0 6589.dat
1 0 100 -23 2 0 0 1 0 1 0 -1 0 0 3702.dat
1 0 110 -13 62 1 0 0 0 1 0 0 0 1 2780.dat