0 subModel-7
0 Name: subModel-7.mpd
0 Author: QK Lego Builder
0 !LDRAW_ORG Unofficial_Model

1 0 0 -27 -1 0 0 -1 0 1 0 1 0 0 3894.dat
1 7 -10 -17 -21 -1 0 0 0 1 0 0 0 -1 3749.dat
1 0 50 -17 -41 -1 0 0 0 0.7071 -0.7071 0 -0.7071 -0.7071 3706.dat
1 0 20 -31.1421 -26.8579 -1 0 0 0 -0.7071 -0.7071 0 -0.7071 0.7071 32039.dat
1 0 100 -27 -1 0 0 -1 0 1 0 1 0 0 3894.dat
1 0 80 -31.1421 -26.8579 -1 0 0 0 -0.7071 -0.7071 0 -0.7071 0.7071 32039.dat
1 7 110 -17 -21 1 0 0 0 1 0 0 0 1 3749.dat
1 0 80 -38.2132 -19.7868 0 -1 0 0.7071 0 0.7071 -0.7071 0 0.7071 32062.dat
1 0 20 -38.2132 -19.7868 0 -1 0 0.7071 0 0.7071 -0.7071 0 0.7071 32062.dat
1 7 60 -17 -41 0 0 -1 0.7071 0.7071 0 0.7071 -0.7071 0 3713.dat
1 7 40 -17 -41 0 0 -1 0.7071 0.7071 0 0.7071 -0.7071 0 3648a.dat