0 Top
0 Name: Top.mpd
0 Author: QK Lego Builder
0 !LDRAW_ORG Unofficial_Model

1 8 -44.917 95.443 -60.7 0.358368 0 -0.93358 -0.93358 0 -0.358368 0 1 0 32140.dat
1 8 -44.917 95.443 -20 0.358368 0 -0.93358 -0.93358 0 -0.358368 0 1 0 32140.dat
1 7 -93.8 55.3 -70.2 0 -0.406737 0.913545 0 -0.913545 -0.406737 1 0 0 3673.dat
1 6 80 24 0 0 0 1 0 -1 0 1 0 0 32016.dat
1 6 -157.611 303.512 -39.8 0 -0.970296 0.241922 0 0.241922 0.970296 -1 0 0 32016.dat
1 6 -176.302 228.884 -39.8 0 -0.970296 -0.241922 0 0.241922 -0.970296 1 0 0 32016.dat
1 0 -156.685 304.008 -39.8 0 -0.87462 -0.48481 0 0.48481 -0.87462 1 0 0 32073.dat
1 0 -166.205 268.523 -39.8 0.241922 -0.970296 0 0.970296 0.241922 0 0 0 1 4519.dat
1 7 -156.685 304.008 -14.8 -0.48481 -0.87462 0 -0.87462 0.48481 0 0 0 -1 32123b.dat
1 6 -168.157 287.625 -9.8 -0.819152 0 0.573576 0.573576 0 0.819152 0 1 0 2825.dat
1 6 -133.742 336.779 -39.9 -0.573576 -0.819152 0 -0.819152 0.573576 0 0 0 -1 32034.dat
1 6 -176.074 269.028 -19.8 0.87462 0 0.48481 -0.48481 0 0.87462 0 -1 0 2825.dat
1 6 -168.157 287.625 -69.8 0.819152 0 0.573576 -0.573576 0 0.819152 0 -1 0 2825.dat
1 6 -176.074 269.028 -59.8 -0.87462 0 0.48481 0.48481 0 0.87462 0 1 0 2825.dat
1 6 80 24 21.9 0 0 1 -1 0 0 0 -1 0 6644.dat
1 6 -20 24 0 0 0 -1 0 -1 0 -1 0 0 32016.dat
1 6 40 24 0 -1 0 0 0 1 0 0 0 -1 32291.dat
1 16 -115.7 348.6 -30 0 0.819152 -0.573576 0 -0.573576 -0.819152 -1 0 0 Eyes.mpd
1 6 20 24 -20 -1 0 0 0 1 0 0 0 -1 6641.dat
1 6 40 24 -39.1 0 0 1 0 1 0 -1 0 0 32039.dat
1 6 -56.9 39.5 -20 -0.920505 0.390731 0 0.390731 0.920505 0 0 0 -1 6641.dat
1 0 30 24 0 -1 0 0 0 -1 0 0 0 1 3705.dat
1 0 20 24 -40 0 0 -1 0 -1 0 -1 0 0 4519.dat
1 0 -176.3 229 -40 0 -0.241922 -0.970296 0 -0.970296 0.241922 -1 0 0 4519.dat
1 0 64.1 24 -39.5 1 0 0 0 -1 0 0 0 -1 4519.dat
1 0 -60 40.8 0 0.920505 -0.390731 0 -0.390731 -0.920505 0 0 0 -1 4519.dat
1 0 -170.049 190.076 -39.8 -0.156434 -0.987688 0 0.987688 -0.156434 0 0 0 1 4519.dat
1 6 -93.8 55.4 0 0 -0.390731 -0.920505 0 -0.920505 0.390731 -1 0 0 32016.dat
1 6 -163.596 151.515 -39.8 0 -0.987688 0.156434 0 -0.156434 -0.987688 1 0 0 32013.dat
1 0 -124.055 86.493 0 0.694658 -0.71934 0 -0.71934 -0.694658 0 0 0 -1 4519.dat
1 6 -121.6 84.1 -20 -0.681998 0.731354 0 0.731354 0.681998 0 0 0 -1 6641.dat
1 6 -148.842 113.634 0 0 -0.731354 -0.681998 0 -0.681998 0.731354 -1 0 0 32016.dat
1 0 -163.834 154.345 0 0.34202 -0.939693 0 -0.939693 -0.34202 0 0 0 -1 4519.dat
1 6 -162.9 151.2 -20 -0.358368 0.93358 0 0.93358 0.358368 0 0 0 -1 6641.dat
1 6 -176.318 228.826 -20 0.0174524 0.999848 0 0.999848 -0.0174524 0 0 0 -1 6641.dat
1 6 -175.535 268.902 0 0.0174497 0.999695 0.0174524 -0.000304586 -0.0174497 0.999848 0.999848 -0.0174524 0 32013.dat
1 6 -176.131 268.884 22.324 -0.999701 0.0171452 0.0174497 0.0171452 -0.0177517 0.999695 0.0174497 0.999695 0.0174524 6643.dat
1 6 -177.094 188.786 0 0 -0.93358 -0.358368 0 -0.358368 0.93358 -1 0 0 32016.dat
1 0 -175.743 232.151 0 -0.0348995 -0.999391 0 -0.999391 0.0348995 0 0 0 -1 4519.dat
1 0 80 24 10 0 0 -1 0 -1 0 -1 0 0 6628.dat
1 7 30 44 10 0 0 1 0 -1 0 1 0 0 4274.dat
1 7 -93.8 55.3 -10 0 -0.406737 0.913545 0 -0.913545 -0.406737 1 0 0 3673.dat
1 6 80 24 -80 0 0 1 0 -1 0 1 0 0 32016.dat
1 6 80 24 -101 0 0 1 1 0 0 0 1 0 6644.dat
1 6 -20 24 -80 0 0 -1 0 -1 0 -1 0 0 32016.dat
1 6 40 24 -80.3 -1 0 0 0 1 0 0 0 -1 32291.dat
1 6 20 24 -60.7 -1 0 0 0 -1 0 0 0 1 6641.dat
1 6 -56.9 39.5 -58.3 -0.927184 -0.374607 0 0.374607 -0.927184 0 0 0 1 6641.dat
1 0 30 24 -80 -1 0 0 0 -1 0 0 0 1 3705.dat
1 0 -60 40.8 -79.8 0.920505 -0.390731 0 -0.390731 -0.920505 0 0 0 -1 4519.dat
1 6 -93.8 55.4 -80 0 -0.390731 -0.920505 0 -0.920505 0.390731 -1 0 0 32016.dat
1 0 -124.055 86.493 -79.8 0.694658 -0.71934 0 -0.71934 -0.694658 0 0 0 -1 4519.dat
1 6 -122.2 84.4 -60 0.656059 0.754709 0 -0.754709 0.656059 0 0 0 1 6641.dat
1 6 -148.842 113.634 -80 0 -0.731354 -0.681998 0 -0.681998 0.731354 -1 0 0 32016.dat
1 0 -163.834 154.345 -79.8 0.34202 -0.939693 0 -0.939693 -0.34202 0 0 0 -1 4519.dat
1 6 -162.9 151.2 -59.7 -0.34202 -0.939692 0 0.939692 -0.34202 0 0 0 1 6641.dat
1 6 -176.318 228.826 -60.3 -0.0174524 -0.999848 0 0.999848 -0.0174524 0 0 0 1 6641.dat
1 6 -175.535 268.902 -80 0.0174497 0.999695 0.0174524 -0.000304586 -0.0174497 0.999848 0.999848 -0.0174524 0 32013.dat
1 6 -176.131 268.884 -100.576 -0.999701 0.0171452 0.0174497 0.0171452 -0.0177517 0.999695 0.0174497 0.999695 0.0174524 6643.dat
1 6 -177.094 188.786 -80 0 -0.93358 -0.358368 0 -0.358368 0.93358 -1 0 0 32016.dat
1 0 -175.743 232.151 -79.8 -0.0348995 -0.999391 0 -0.999391 0.0348995 0 0 0 -1 4519.dat
1 0 80 24 -89.9 0 0 -1 0 1 0 1 0 0 6628.dat
1 7 30 44 -90.3 0 0 -1 0 -1 0 -1 0 0 4274.dat
1 6 100 24 -38.5 0 0 1 0 -1 0 1 0 0 32016.dat
1 0 -162.9 151.2 -40 0 0.358368 -0.93358 0 -0.93358 -0.358368 -1 0 0 4519.dat
1 7 -156.685 304.008 5.2 -0.48481 -0.87462 0 -0.87462 0.48481 0 0 0 -1 32123b.dat
1 7 -156.685 304.008 -84.8 -0.48481 -0.87462 0 -0.87462 0.48481 0 0 0 -1 32123b.dat
1 7 -141.769 342.395 -69.8 -0.819152 -0.573576 0 0.573576 -0.819152 0 0 0 1 2853.dat
1 8 -175.99 268.974 -0.5 0 0.48481 -0.87462 0 0.87462 0.48481 1 0 0 6587.dat
1 8 -175.99 268.974 -77.5 0 -0.48481 -0.87462 0 -0.87462 0.48481 -1 0 0 6587.dat
1 7 -141.769 342.395 -9.8 -0.819152 0.573576 0 0.573576 0.819152 0 0 0 -1 2853.dat
1 7 -156.685 304.008 -64.8 -0.48481 -0.87462 0 -0.87462 0.48481 0 0 0 -1 32123b.dat