0 track
0 Name: track.mpd
0 Author: QK Lego Builder
0 !LDRAW_ORG Unofficial_Model

1 0 110 -107.222 -154.055 1 0 0 0 0.995239 -0.0974692 0 0.0974692 0.995239 3873.dat
1 0 110 -108.928 -138.123 1 0 0 0 0.980421 0.196912 0 -0.196912 0.980421 3873.dat
1 0 110 -105.716 -122.445 1 0 0 0 0.99725 0.0741051 0 -0.0741051 0.99725 3873.dat
1 0 110 -100.094 -168.415 1 0 0 0 0.900469 -0.434919 0 0.434919 0.900469 3873.dat
1 0 110 -104.55 -106.487 1 0 0 0 0.993588 0.113064 0 -0.113064 0.993588 3873.dat
1 0 110 -102.743 -90.5896 1 0 0 0 0.99326 0.115904 0 -0.115904 0.99326 3873.dat
1 0 110 -100.91 -74.6944 1 0 0 0 0.987021 0.160593 0 -0.160593 0.987021 3873.dat
1 0 110 -98.3409 -58.902 1 0 0 0 0.987021 0.160593 0 -0.160593 0.987021 3873.dat
1 0 110 -88.6324 -179.62 1 0 0 0 0.706377 -0.707836 0 0.707836 0.706377 3873.dat
1 0 110 -95.698 -43.116 1 0 0 0 0.998334 0.0576982 0 -0.0576982 0.998334 3873.dat
1 0 110 -94.882 -27.125 1 0 0 0 0.995508 0.0946766 0 -0.0946766 0.995508 3873.dat
1 0 110 -93.683 -11.876 1 0 0 0 0.999684 0.0251479 0 -0.0251479 0.999684 3873.dat
1 0 110 -93.295 4.119 1 0 0 0 0.99822 0.0596337 0 -0.0596337 0.99822 3873.dat
1 0 110 -93.8761 20.1084 1 0 0 0 0.99934 -0.036316 0 0.036316 0.99934 3873.dat
1 0 110 -94.433 36.0993 1 0 0 0 0.996425 -0.0844873 0 0.0844873 0.996425 3873.dat
1 0 110 -95.7849 52.0421 1 0 0 0 0.996424 -0.084488 0 0.084488 0.996424 3873.dat
1 0 110 -107.489 131.009 1 0 0 0 0.997466 -0.0711494 0 0.0711494 0.997466 3873.dat
1 0 110 -103.346 115.545 1 0 0 0 0.967399 -0.253256 0 0.253256 0.967399 3873.dat
1 0 110 -100.377 99.8223 1 0 0 0 0.982236 -0.187652 0 0.187652 0.982236 3873.dat
1 0 110 -108.784 146.982 1 0 0 0 0.970488 0.24115 0 -0.24115 0.970488 3873.dat
1 0 110 -98.7733 83.9009 1 0 0 0 0.994696 -0.102861 0 0.102861 0.994696 3873.dat
1 0 110 -97.1275 67.9858 1 0 0 0 0.994696 -0.102862 0 0.102862 0.994696 3873.dat
1 0 110 -74.2461 -186.681 1 0 0 0 0.449378 -0.893342 0 0.893342 0.449378 3873.dat
1 0 110 -105.087 162.582 1 0 0 0 0.82542 0.564519 0 -0.564519 0.82542 3873.dat
1 0 110 -96.1626 175.888 1 0 0 0 0.626159 0.779695 0 -0.779695 0.626159 3873.dat
1 0 110 -58.4016 -189.073 1 0 0 0 0.15857 -0.987348 0 0.987348 0.15857 3873.dat
1 0 110 -83.776 186.074 1 0 0 0 0.291086 0.956697 0 -0.956697 0.291086 3873.dat
1 0 110 -42.5539 -186.711 1 0 0 0 -0.138323 -0.990387 0 0.990387 -0.138323 3873.dat
1 0 110 -68.4904 190.887 1 0 0 0 -0.0200327 0.999799 0 -0.999799 -0.0200327 3873.dat
1 0 110 -28.2369 -179.511 1 0 0 0 -0.440602 -0.897703 0 0.897703 -0.440602 3873.dat
1 0 110 -52.4776 190.683 1 0 0 0 -0.251566 0.96784 0 -0.96784 -0.251566 3873.dat
1 0 110 -16.8321 -168.253 1 0 0 0 -0.695625 -0.718405 0 0.718405 -0.695625 3873.dat
1 0 110 -10.1776 -153.666 1 0 0 0 -0.905158 -0.425076 0 0.425076 -0.905158 3873.dat
1 0 110 -36.9281 186.803 1 0 0 0 -0.54322 0.83959 0 -0.83959 -0.54322 3873.dat
1 0 110 -8.84458 -9.72924 1 0 0 0 -1 0 0 0 -1 3873.dat
1 0 110 -8.88569 6.2707 1 0 0 0 -1 0 0 0 -1 3873.dat
1 0 110 -8.9268 22.2706 1 0 0 0 -1 0 0 0 -1 3873.dat
1 0 110 -8.96791 38.2706 1 0 0 0 -1 0 0 0 -1 3873.dat
1 0 110 -9.00902 54.2705 1 0 0 0 -1 0 0 0 -1 3873.dat
1 0 110 -9.05013 70.2705 1 0 0 0 -1 0 0 0 -1 3873.dat
1 0 110 -9.09124 86.2704 1 0 0 0 -1 0 0 0 -1 3873.dat
1 0 110 -9.13235 102.27 1 0 0 0 -1 0 0 0 -1 3873.dat
1 0 110 -9.17346 118.27 1 0 0 0 -1 0 0 0 -1 3873.dat
1 0 110 -9.21457 134.27 1 0 0 0 -1 0 0 0 -1 3873.dat
1 0 110 -23.3849 178.233 1 0 0 0 -0.784531 0.62009 0 -0.62009 -0.784531 3873.dat
1 0 110 -13.2752 165.773 1 0 0 0 -0.969854 0.243687 0 -0.243687 -0.969854 3873.dat
1 0 110 -9.25568 150.27 1 0 0 0 -1 0 0 0 -1 3873.dat
1 0 110 -8.45579 -137.732 1 0 0 0 -0.993105 -0.11723 0 0.11723 -0.993105 3873.dat
1 0 110 -8.55681 -121.729 1 0 0 0 -1 0 0 0 -1 3873.dat
1 0 110 -8.59792 -105.729 1 0 0 0 -1 0 0 0 -1 3873.dat
1 0 110 -8.63903 -89.729 1 0 0 0 -1 0 0 0 -1 3873.dat
1 0 110 -8.68014 -73.729 1 0 0 0 -1 0 0 0 -1 3873.dat
1 0 110 -8.72125 -57.7291 1 0 0 0 -1 0 0 0 -1 3873.dat
1 0 110 -8.76236 -41.7291 1 0 0 0 -1 0 0 0 -1 3873.dat
1 0 110 -8.80347 -25.7292 1 0 0 0 -1 0 0 0 -1 3873.dat
1 7 112.5 -57.2768 140 0 0 -1 0 1 0 1 0 0 3649.dat
1 7 111.75 -57.2768 -140 0 0 -1 0 1 0 1 0 0 3649.dat