0 Trailer
0 Name: Trailer.mpd
0 Author: QK Lego Builder
0 !LDRAW_ORG Unofficial_Model

1 0 0 -14 9 0 0 -1 0 1 0 1 0 0 3703.dat
1 0 -10 -4 -51 -1 0 0 0 1 0 0 0 -1 2780.dat
1 0 30 -4 49 -1 0 0 0 1 0 0 0 -1 3706.dat
1 7 20 -4 49 0 0 1 0 1 0 -1 0 0 4019.dat
1 7 40 -4 49 0 0 1 0 1 0 -1 0 0 4019.dat
1 0 30 -4 -31 1 0 0 0 1 0 0 0 1 3705.dat
1 7 15 -4 -31 0 0 1 1 0 0 0 1 0 4265b.dat
1 0 30 -3.9412 -31.0072 -1 0 0 0 0.9272 -0.3746 0 -0.3746 -0.9272 32016.dat
1 7 45 -4 -31 0 0 -1 -1 0 0 0 1 0 4265b.dat
1 0 30 18.5352 24.6238 0 0 1 -0.9272 -0.3746 0 0.3746 -0.9272 0 6553.dat
1 0 30 -38.9866 -66.6698 0 -1 0 -0.7009 0 0.7133 -0.7133 0 -0.7009 3705.dat
1 0 30 -4 -131 -1 0 0 0 0.6157 0.788 0 0.788 -0.6157 3705.dat
1 0 30 -4 -111 -1 0 0 0 1 0 0 0 -1 3705.dat
1 7 20 -4 -111 0 -1 0 -1 0 0 0 0 -1 2825.dat
1 7 40 -4 -111 0 1 0 1 0 0 0 0 -1 2825.dat
1 0 30 -4 -131 1 0 0 0 -0.6157 0.788 0 -0.788 -0.6157 6553.dat
1 0 30 -4 -171 1 0 0 0 -1 0 0 0 -1 32062.dat
1 7 30 -4 -171 -1 0 0 0 0 -1 0 -1 0 6536.dat
1 0 60 -14 9 0 0 -1 0 1 0 1 0 0 3703.dat
1 0 70 -4 -51 -1 0 0 0 1 0 0 0 -1 2780.dat
1 7 90 -3 49 0 0 1 0 1 0 -1 0 0 6538a.dat
1 7 -30 -4 49 0 0 1 0 1 0 -1 0 0 6538a.dat
1 7 80 10 139 0 0 -1 0 1 0 1 0 0 2420.dat
1 7 -20 10 139 1 0 0 0 1 0 0 0 1 2420.dat
1 7 30 10 169 1 0 0 0 1 0 0 0 1 3709b.dat
1 7 0 18 69 0 0 -1 0 1 0 1 0 0 4477.dat
1 7 60 18 69 0 0 -1 0 1 0 1 0 0 4477.dat
1 7 60 10 99 0 0 -1 0 1 0 1 0 0 3623.dat
1 7 0 10 99 0 0 -1 0 1 0 1 0 0 3623.dat
1 7 -30 10 49 1 0 0 0 1 0 0 0 1 3709b.dat
1 7 90 10 49 1 0 0 0 1 0 0 0 1 3709b.dat
1 7 60 10 -31 0 0 -1 0 1 0 1 0 0 3666.dat
1 7 0 10 -31 0 0 -1 0 1 0 1 0 0 3666.dat
1 7 30 18 -51 1 0 0 0 1 0 0 0 1 3709b.dat
1 7 30 -14 179 1 0 0 0 1 0 0 0 1 3701.dat
1 0 30 -4 169 0 0 -1 0 1 0 1 0 0 2780.dat
1 0 30 -14 159 -1 0 0 0 1 0 0 0 -1 3700.dat
1 0 120 -14 49 0 0 1 0 1 0 -1 0 0 3700.dat
1 0 -60 -14 49 0 0 1 0 1 0 -1 0 0 3700.dat
1 0 130 -4 49 1 0 0 0 1 0 0 0 1 3705.dat
1 0 -70 -4 49 1 0 0 0 1 0 0 0 1 3705.dat
1 0 30 -40.9397 -178.281 -1 0 0 0 -0.8704 -0.4924 0 -0.4924 0.8704 32015.dat
1 0 60 -22 -31 0 0 -1 0 1 0 1 0 0 3460.dat
1 0 0 -22 -31 0 0 -1 0 1 0 1 0 0 3460.dat
1 0 60 -22 -131 0 0 -1 0 1 0 1 0 0 3023.dat
1 0 0 -22 -131 0 0 -1 0 1 0 1 0 0 3023.dat
1 7 100 -14 169 0 0 -1 0 1 0 1 0 0 6565.dat
1 7 100 -14 129 0 0 -1 0 1 0 1 0 0 6564.dat
1 7 -40 -14 169 0 0 1 0 1 0 -1 0 0 6564.dat
1 7 -40 -14 129 0 0 1 0 1 0 -1 0 0 6565.dat
1 0 30 8.3027 -265.316 1 0 0 0 0.9925 -0.1219 0 0.1219 0.9925 32016.dat
1 0 30 -16.3185 -221.798 0 0 -1 -0.4924 0.8704 0 0.8704 0.4924 0 3705.dat
1 0 30 -22 149 -1 0 0 0 1 0 0 0 -1 32001.dat
1 0 60 -22 99 0 0 1 0 1 0 -1 0 0 3623.dat
1 0 0 -22 99 0 0 1 0 1 0 -1 0 0 3623.dat
1 0 90 -22 59 1 0 0 0 1 0 0 0 1 3710.dat
1 0 -30 -22 59 1 0 0 0 1 0 0 0 1 3710.dat
1 0 60 -30 -31 0 0 -1 0 1 0 1 0 0 3023.dat
1 0 0 -30 -31 0 0 -1 0 1 0 1 0 0 3023.dat
1 0 60 -54 -51 0 0 1 0 1 0 -1 0 0 2744.dat
1 0 0 -54 -51 0 0 1 0 1 0 -1 0 0 2744.dat
1 0 30 15.6148 -324.869 0 0 1 0.9925 -0.1219 0 0.1219 0.9925 0 6553.dat
1 0 60 -30 49 0 0 -1 0 1 0 1 0 0 3023.dat
1 0 0 -30 49 0 0 -1 0 1 0 1 0 0 3023.dat
1 0 60 -44 -51 -1 0 0 0 1 0 0 0 -1 6558.dat
1 0 0 -44 -51 1 0 0 0 1 0 0 0 1 6558.dat
1 0 0 -54 69 0 0 -1 0 1 0 1 0 0 2744.dat
1 0 60 -54 69 0 0 -1 0 1 0 1 0 0 2744.dat
1 0 30 -44 49 -1 0 0 0 0.9816 0.1908 0 0.1908 -0.9816 3706.dat
1 7 -20 -44 49 0 0 1 0.1908 0.9816 0 -0.9816 0.1908 0 3647.dat
1 7 20 -44 49 0 0 -1 0.9816 0.1908 0 0.1908 -0.9816 0 4019.dat
1 0 30 -62 9 0 0 -1 0 1 0 1 0 0 6585.dat
1 0 -10 -44 9 -1 0 0 0 0.9986 0.0523 0 0.0523 -0.9986 4519.dat
1 7 -20 -44 9 0 0 1 0.0523 0.9986 0 -0.9986 0.0523 0 3648a.dat
1 7 13 -44 9 0 0 1 0.0523 0.9986 0 -0.9986 0.0523 0 6589.dat
1 0 60 -62 59 0 0 1 0 1 0 -1 0 0 3024.dat
1 0 0 -62 59 0 0 1 0 1 0 -1 0 0 3024.dat
1 0 30 -62 -41 1 0 0 0 1 0 0 0 1 3710.dat
1 7 40 -40.9397 -178.281 1 0 0 0 0.8746 -0.4848 0 0.4848 0.8746 3673.dat
1 0 30 5.6894 -326.088 0 -1 0 -0.9925 0 0.1219 -0.1219 0 -0.9925 32062.dat
1 0 30 -74.0321 -102.332 -1 0 0 0 0.7133 -0.7009 0 -0.7009 -0.7133 32013.dat
1 7 30 -14.1616 -328.525 0 -1 0 0.1219 0 0.9925 -0.9925 0 0.1219 6538a.dat
1 0 30 -70 9 -1 0 0 0 1 0 0 0 -1 3709b.dat
1 0 30 -64 9 0 0.225 0.9744 1 0 0 0 0.9744 -0.225 3705.dat
1 7 30 -79 9 0.9744 0.225 0 0 0 -1 -0.225 0.9744 0 4265b.dat
1 7 30 -61 9 -0.9744 0.225 0 0 0 1 0.225 0.9744 0 6589.dat
1 7 30 -104 9 0.225 -0.9744 0 0 0 -1 0.9744 0.225 0 6538a.dat
1 0 30 -134 9 0 0.225 0.9744 1 0 0 0 0.9744 -0.225 4519.dat
1 0 30 -34.0125 -330.962 0 0 1 0.9925 -0.1219 0 0.1219 0.9925 0 32062.dat
1 8 30 -42.9454 -332.059 0 0 -1 -0.1219 0.9925 0 0.9925 0.1219 0 4032a.dat
1 8 30 -50.8858 -333.034 0 0 1 0.1219 0.9925 0 -0.9925 0.1219 0 4032a.dat
1 7 40 -74.0321 -102.332 1 0 0 0 0.9877 -0.1564 0 0.1564 0.9877 3749.dat
1 0 50 -74.0321 -102.332 -1 0 0 0 0.1564 -0.9877 0 -0.9877 -0.1564 6553.dat
1 0 50 -66.2104 -151.717 1 0 0 0 0.9877 -0.1564 0 0.1564 0.9877 6538a.dat
1 0 50 -63.0817 -171.47 0 0 -1 -0.1564 0.9877 0 0.9877 0.1564 0 32062.dat
1 0 50 -60.6935 -181.409 0 0 -1 -0.1564 0.9877 0 0.9877 0.1564 0 6536.dat
1 7 30 6 -191 0 -1 0 1 0 0 0 0 1 3749.dat
1 7 30 26 -191 0 -1 0 0 0 1 -1 0 0 6538a.dat
1 15 149 -4 49 0 0 -1 0 1 0 1 0 0 6595.dat
1 15 149 -4 49 0 0 -1 0 1 0 1 0 0 6594.dat
1 15 -88 -4 49 0 0 1 0 1 0 -1 0 0 6595.dat
1 15 -88 -4 49 0 0 1 0 1 0 -1 0 0 6594.dat
1 2 30 -174 9 -0.9744 -0.225 0 0 0 -1 0.225 -0.9744 0 32016.dat
1 2 41.1911 -294.104 57.4738 0.0861 0.9744 0.2078 -0.9239 0 0.3827 0.3729 -0.225 0.9002 3708.dat
1 0 33.013 -206.336 22.0506 0.9744 0.0861 -0.2078 0 -0.9239 -0.3827 -0.225 0.3729 -0.9002 6632.dat
1 0 25.1303 -226.262 -12.093 0.0861 0.9744 0.2078 -0.9239 0 0.3827 0.3729 -0.225 0.9002 4519.dat
1 0 27.7128 -253.979 -0.9068 0.2078 0.9744 -0.0861 0.3827 0 0.9239 0.9002 -0.225 -0.3729 6538a.dat
1 0 25.5607 -230.882 -10.2286 0.9744 0.0861 -0.2078 0 -0.9239 -0.3827 -0.225 0.3729 -0.9002 6632.dat
1 0 32.0171 -300.173 17.737 -0.9744 -0.0861 -0.2078 0 0.9239 -0.3827 0.225 -0.3729 -0.9002 6553.dat
1 7 17.678 -250.809 -44.3723 -0.0861 0.9744 -0.2078 0.9239 0 -0.3827 -0.3729 -0.225 -0.9002 3749.dat
1 0 32.0171 -300.173 17.737 -0.9744 -0.0861 -0.2078 0 0.9239 -0.3827 0.225 -0.3729 -0.9002 32062.dat
1 15 17.4015 -300.173 21.1113 0.2078 -0.9744 0.0861 0.3827 0 -0.9239 0.9002 0.225 0.3729 6632.dat
1 15 46.6326 -300.173 14.3627 0.2078 -0.9744 0.0861 0.3827 0 -0.9239 0.9002 0.225 0.3729 6632.dat
1 0 35.4605 -337.128 32.652 -0.9744 -0.0861 -0.2078 0 0.9239 -0.3827 0.225 -0.3729 -0.9002 32062.dat
1 0 35.4605 -337.128 32.652 -0.9744 -0.0861 -0.2078 0 0.9239 -0.3827 0.225 -0.3729 -0.9002 6536.dat
1 7 31.6605 -322.477 16.1925 -0.2078 -0.0861 0.9744 -0.3827 0.9239 0 -0.9002 -0.3729 -0.225 3749.dat
1 2 52.3821 -414.209 105.948 0.9744 0.2078 0.0861 0 0.3827 -0.9239 -0.225 0.9002 0.3729 32015.dat
1 2 18.0963 -260.449 -41.536 -0.1022 -0.0251 0.9944 0.9222 0.3723 0.1042 -0.3729 0.9278 -0.0149 32016.dat
1 2 -90.2751 -276.157 -40.5315 -0.9892 -0.0514 -0.1371 -0.1464 0.3536 0.9239 0.001 0.934 -0.3573 3737.dat
1 2 126.601 -267.756 -84.6914 -0.9274 0.3641 -0.0861 0.0625 0.3776 0.9239 0.3688 0.8514 -0.3729 3737.dat
1 2 -199.089 -292.266 -40.4195 -0.1371 -0.9336 0.3311 0.9239 0 0.3827 -0.3573 0.3584 0.8625 32015.dat
1 2 228.613 -274.626 -125.265 -0.0861 0.3641 0.9274 0.9239 0.3776 -0.0625 -0.3729 0.8514 -0.3688 32015.dat
1 2 -163.631 -258.124 34.2599 0.0514 -0.9892 -0.1371 -0.3536 -0.1464 0.9239 -0.934 0.001 -0.3573 32009.dat
1 2 220.643 -241.924 -42.3974 -0.3641 -0.9274 -0.0861 -0.3776 0.0625 0.9239 -0.8514 0.3688 -0.3729 32009.dat
1 2 150.951 -384.123 50.4591 -0.9274 0.3641 -0.0861 0.0625 0.3776 0.9239 0.3688 0.8514 -0.3729 3737.dat
1 2 -52.6585 -392.764 91.3308 -0.9892 -0.0514 -0.1371 -0.1464 0.3536 0.9239 0.001 0.934 -0.3573 3737.dat
1 2 48.9387 -377.253 91.0326 -0.0861 -0.0185 0.9961 0.9239 0.3727 0.0868 -0.3729 0.9278 -0.0149 32016.dat
1 2 9.0941 -380.725 91.6305 0.0185 -0.9961 -0.0861 -0.3727 -0.0868 0.9239 -0.9278 0.0149 -0.3729 6629.dat
1 2 86.0343 -379.752 76.2786 -0.3641 -0.9274 -0.0861 -0.3776 0.0625 0.9239 -0.8514 0.3688 -0.3729 6629.dat
1 2 40.3302 -284.866 53.745 -0.0861 -0.0185 0.9961 0.9239 0.3727 0.0868 -0.3729 0.9278 -0.0149 32016.dat
1 7 10.4468 -287.469 54.1935 0.9961 -0.0861 -0.0185 0.0868 0.9239 0.3727 -0.0149 -0.3729 0.9278 3749.dat
1 7 68.1519 -286.739 42.6795 -0.9274 0.3641 -0.0861 0.0625 0.3776 0.9239 0.3688 0.8514 -0.3729 3749.dat
1 7 30.4136 -324.773 10.7913 -0.0861 -0.9744 0.2078 0.9239 0 0.3827 -0.3729 0.225 0.9002 6641.dat
1 7 -209.022 -303.746 -66.295 0.3311 -0.9336 0.1371 0.3827 0 -0.9239 0.8625 0.3584 0.3573 2736.dat
1 7 47.6102 -435.422 85.2781 0.1591 -0.9744 0.1591 0.7071 0 -0.7071 0.689 0.225 0.689 2736.dat
1 7 229.17 -285.808 -153.098 -0.0185 -0.9961 0.0861 0.3727 -0.0868 -0.9239 0.9278 0.0149 0.3729 2736.dat