0 winch
0 Name: winch.mpd
0 Author: QK Lego Builder
0 !LDRAW_ORG Unofficial_Model

1 0 -80.0635 -108.817 219.5 0 0.127074 -0.991893 0 0.991893 0.127074 1 0 0 3705.dat
1 7 -79.9364 -107.825 190 -0.127074 0.991893 0 -0.991893 -0.127074 0 0 0 1 3648b.dat
1 7 -40 -108.321 120.012 1 0 0 0 1 0 0 0 1 3326b.dat
1 0 -40 -108.38 180 0 0 -1 0 1 0 1 0 0 3705.dat
1 7 -40 -107.821 190 1 0 0 0 1 0 0 0 1 3647.dat
1 7 -203 -107.821 240 0 0 -1 0 1 0 1 0 0 4185.dat
1 0 -148 -107.821 240 1 0 0 0 1 0 0 0 1 3706.dat
1 7 -110 -107.821 240 0 0 1 0 1 0 -1 0 0 3713.dat
1 7 -130 -107.821 240 0 0 1 0 1 0 -1 0 0 3713.dat
1 7 -40 -108.392 149.988 0 1 0 -1 0 -0.00238012 -0.00238012 0 1 3712.dat
1 7 -97 -107.821 240 0 0 -1 0 -1 0 -1 0 0 4143.dat
1 7 -79.9364 -107.825 223 0.991893 -0.127072 0 -0.127072 -0.991893 0 0 0 -1 4143.dat