0 windscreen
0 Name: windscreen.mpd
0 Author: QK Lego Builder
0 !LDRAW_ORG Unofficial_Model

1 7 70 -163.781 -42.5582 -1 0 0 0 -0.922685 -0.385554 0 -0.385554 0.922685 32015.dat
1 0 70 -144.504 -88.6924 0 0 1 0.385554 0.922686 0 -0.922685 0.385554 0 3705.dat
1 7 70 -135.231 -13.8385 1 0 0 0 -0.709301 -0.704905 0 0.704905 -0.709301 32039.dat
1 7 70 -124.765 -134.634 1 0 0 0 -0.922685 0.385554 0 -0.385554 -0.922685 32016.dat
1 0 20 -121.135 0.354623 1 0 0 0 0.704905 -0.709302 0 0.709302 0.704905 3706.dat
1 7 20 -121.135 0.354641 0 0 -1 -0.709302 0.704905 0 0.704905 0.709302 0 3648b.dat
1 7 70 -68.1293 -190.864 -0.0070898 0.382673 0.923857 -0.704887 0.653398 -0.276055 -0.709285 -0.653171 0.265109 32015.dat
1 15 69.9292 -75.5306 -198.312 0.382674 -0.00708999 -0.923856 0.653397 -0.704887 0.276055 -0.653171 -0.709284 -0.265109 4073.dat
1 7 -30 -68.1292 -190.864 0.00708965 -0.382673 -0.923857 0.704876 0.657232 -0.266825 0.709295 -0.649313 0.274397 32015.dat
1 7 70 -96.5014 -162.668 0 0 1 -0.7093 -0.704907 0 0.704907 -0.7093 0 32013.dat
1 7 -30 -96.4992 -163.375 0 0 -1 -0.704906 0.709301 0 0.7093 0.704906 0 32013.dat
1 0 35 -68.303 -135.003 0 -1 0 -0.709302 0 -0.704905 0.704905 0 -0.709302 6632.dat
1 0 70 -142.634 -21.2792 0 0 1 -0.704905 0.709302 0 -0.709302 -0.704905 0 32062.dat
1 7 -30 -163.781 -42.5581 -1 0 0 0 -0.922685 -0.385554 0 -0.385554 0.922685 32015.dat
1 0 -30 -144.504 -88.6924 0 0 1 0.385554 0.922686 0 -0.922685 0.385554 0 3705.dat
1 7 -30 -124.765 -134.634 1 0 0 0 -0.922685 0.385553 0 -0.385553 -0.922685 32016.dat
1 0 70 -96.8539 -163.023 0 0 1 0.709302 0.704905 0 -0.704905 0.709302 0 4519.dat
1 15 -30.0709 -75.5302 -198.312 0.923857 -0.00709024 -0.382673 0.266824 -0.704877 0.657232 -0.274397 -0.709295 -0.649313 4073.dat
1 0 5 -68.303 -135.003 0 -1 0 -0.709302 0 -0.704905 0.704905 0 -0.709302 6632.dat
1 0 -30 -142.634 -21.2792 0 0 1 -0.704905 0.709301 0 -0.709301 -0.704905 0 32062.dat
1 7 -30 -135.233 -13.8314 1 0 0 0 -0.709302 -0.704905 0 0.704905 -0.709302 32039.dat
1 0 -30 -96.854 -163.023 0 0 1 0.709302 0.704905 0 -0.704905 0.709302 0 4519.dat
1 0 20 -96.854 -163.023 1 0 0 0 0.709302 0.704905 0 -0.704905 0.709302 3705.dat
1 0 20 -68.303 -135.003 1 0 0 0 0.704904 -0.709302 0 0.709302 0.704904 3705.dat