0 Current World
0 Name: Current World.ldr
0 Author: QK Lego Builder
0 !LDRAW_ORG Unofficial_Model
0 !LICENSE Redistributable under CCAL version 2.0

1 0 -12.542 -84.796 -52.90599999999999 0 0.841039 -0.540974 0 0.540974 0.841039 1 0 0 6558.dat
1 0 93.34 -51.517 -172.906 0 0.19509 0.980785 0 0.980785 -0.19509 -1 0 0 6558.dat
1 0 30.593 -59.428999999999995 -152.906 0.19509 0 0.980785 0.980785 0 -0.19509 0 1 0 32140.dat
1 7 -46.184 -106.434 -43.906 0 0.0174524 -0.999848 0 0.999848 0.0174524 1 0 0 3749.dat
1 0 9.097 -118.43599999999999 -52.90599999999999 0 0.841039 0.540974 0 0.540974 -0.841039 -1 0 0 32054.dat
1 0 -172.889 -152.14800000000002 -170.906 0.999848 0.0174527 0 -0.0174527 0.999848 0 0 0 1 32054.dat
1 42 -262.877 -150.57600000000002 -170.906 -0.0174527 0.999848 0 -0.999848 -0.0174527 0 0 0 1 30374.dat
1 42 -262.877 -150.57600000000002 -190.906 -0.0174527 0.999848 0 -0.999848 -0.0174527 0 0 0 1 30374.dat
1 0 -172.889 -152.14800000000002 -190.906 0.999848 0.0174527 0 -0.0174527 0.999848 0 0 0 1 32054.dat
1 0 -142.893 -152.67100000000002 -170.906 0.999848 0.0174527 0 -0.0174527 0.999848 0 0 0 1 75535.dat
1 0 -142.893 -152.67100000000002 -190.906 0.999848 0.0174527 0 -0.0174527 0.999848 0 0 0 1 75535.dat
1 0 67.181 -11.999999999999996 -32.906 -0.790689 0 -0.612217 0.612217 0 -0.790689 0 -1 0 32271.dat
1 7 -46.184 -106.434 -163.906 0 0.91706 -0.39875 0 -0.39875 -0.91706 -1 0 0 3749.dat
1 0 67.181 -11.999999999999996 -172.906 -0.790689 0 -0.612217 0.612217 0 -0.790689 0 -1 0 32271.dat
1 0 9.097 -118.43599999999999 -152.906 0 0.841039 -0.540974 0 0.540974 0.841039 1 0 0 32054.dat
1 0 -12.542 -84.796 -152.906 0 0.841039 -0.540974 0 0.540974 0.841039 1 0 0 32054.dat
1 0 -144.742 -27.149 -2.906 -0.540974 0.841039 0 0.841039 0.540974 0 0 0 -1 2994.dat
1 0 -144.742 -27.149 -202.906 0.540974 0.841039 0 -0.841039 0.540974 0 0 0 1 2994.dat
1 0 -146.424 -28.229 -202.906 0.540974 0.841039 0 -0.841039 0.540974 0 0 0 1 6578.dat
1 0 -146.424 -28.229 -2.906 0.540974 0.841039 0 -0.841039 0.540974 0 0 0 1 6578.dat
1 0 55.51899999999999 -27.93700000000001 -2.906 -0.540974 0.841039 0 0.841039 0.540974 0 0 0 -1 2994.dat
1 0 55.51899999999999 -27.93700000000001 -2.906 -0.540974 0.841039 0 0.841039 0.540974 0 0 0 -1 6578.dat
1 0 55.51899999999999 -27.93700000000001 -202.906 -0.540974 0.841039 0 0.841039 0.540974 0 0 0 -1 6578.dat
1 0 55.51899999999999 -27.93700000000001 -202.906 0.540974 0.841039 0 -0.841039 0.540974 0 0 0 1 2994.dat
1 8 14.143 -115.19000000000001 -102.90599999999999 0.540974 0.841039 0 -0.841039 0.540974 0 0 0 1 3034.dat
1 7 31.690999999999995 -127.683 -102.90599999999999 0.540974 0.841039 0 -0.841039 0.540974 0 0 0 1 3832.dat
1 7 55.00699999999999 -27.791000000000004 -182.906 0 0.841039 0.540974 0 0.540974 -0.841039 -1 0 0 3749.dat
1 7 55.00699999999999 -27.791000000000004 -22.906 0 0.841039 -0.540974 0 0.540974 0.841039 1 0 0 3749.dat
1 7 30.593 -59.428999999999995 -162.906 0 0.19509 -0.980785 0 0.980785 0.19509 1 0 0 3749.dat
1 8 -10.132 -107.02400000000002 -132.906 0.540974 0.841039 0 -0.841039 0.540974 0 0 0 1 3894.dat
1 8 -31.877 -217.044 -200.906 0.71934 0 0.694658 0.694658 0 -0.71934 0 1 0 32177.dat
1 8 -17.982 -231.432 -180.906 0 0.71934 0.694658 0 0.694658 -0.71934 -1 0 0 32013.dat
1 8 -73.556 -173.883 -180.906 0 0.71934 -0.694658 0 0.694658 0.71934 1 0 0 32192.dat
1 0 -45.768 -202.659 -180.906 0.694658 0.71934 0 -0.71934 0.694658 0 0 0 1 4519.dat
1 0 -103.249 -173.36499999999998 -180.906 0.999848 0.0174527 0 -0.0174527 0.999848 0 0 0 1 32062.dat
1 0 -133.245 -172.841 -180.906 0 0.0174527 -0.999848 0 0.999848 0.0174527 1 0 0 32062.dat
1 0 -173.238 -172.144 -180.906 0 0.0174527 -0.999848 0 0.999848 0.0174527 1 0 0 32062.dat
1 0 -113.247 -173.191 -180.906 0 0.0174527 0.999848 0 0.999848 -0.0174527 -1 0 0 32039.dat
1 0 -173.238 -172.144 -165.906 0.0174527 0 0.999848 0.999848 0 -0.0174527 0 1 0 6632.dat
1 0 -173.238 -172.144 -195.906 0.0174527 0 0.999848 0.999848 0 -0.0174527 0 1 0 6632.dat
1 0 -173.238 -172.144 -180.906 0 0.0174527 0.999848 0 0.999848 -0.0174527 -1 0 0 32291.dat
1 7 -17.982 -231.432 -190.906 0 0.71934 0.694658 0 0.694658 -0.71934 -1 0 0 3749.dat
1 7 -73.556 -173.883 -190.906 0 0.71934 0.694658 0 0.694658 -0.71934 -1 0 0 3749.dat
1 8 -10.132 -107.02400000000002 -72.906 0.540974 0.841039 0 -0.841039 0.540974 0 0 0 1 3894.dat
1 8 90.244 -244.593 -102.90599999999999 0 0.841039 0.540974 0 0.540974 -0.841039 -1 0 0 32192.dat
1 8 77.553 -303.257 -102.90599999999999 0 0.977231 -0.212178 0 -0.212178 -0.977231 -1 0 0 32192.dat
1 0 83.917 -273.94100000000003 -102.90599999999999 -0.212178 0.977231 0 -0.977231 -0.212178 0 0 0 1 32062.dat
1 0 -41.949 -347.664 -102.90599999999999 0 0.0610485 0.998135 0 0.998135 -0.0610485 -1 0 0 32308.dat
1 0 36.683 -372.509 -117.90599999999999 0.0610485 0 0.998135 0.998135 0 -0.0610485 0 1 0 6632.dat
1 0 36.683 -372.509 -87.906 0.0610485 0 0.998135 0.998135 0 -0.0610485 0 1 0 6632.dat
1 0 -41.949 -347.664 -102.90599999999999 0 0.0610485 0.998135 0 0.998135 -0.0610485 -1 0 0 32062.dat
1 0 37.9 -352.54900000000004 -102.90599999999999 0 -0.548293 0.836286 0 0.836286 0.548293 -1 0 0 3705.dat
1 0 36.683 -372.509 -102.90599999999999 0 0.0610485 0.998135 0 0.998135 -0.0610485 -1 0 0 32062.dat
1 0 76.603 -374.951 -102.90599999999999 0 0.0610485 0.998135 0 0.998135 -0.0610485 -1 0 0 32062.dat
1 8 76.603 -374.951 -102.90599999999999 0 0.836286 0.548293 0 0.548293 -0.836286 -1 0 0 32013.dat
1 0 60.15400000000001 -349.861 -102.90599999999999 0.548293 -0.836286 0 -0.836286 -0.548293 0 0 0 -1 32062.dat
1 0 54.67 -341.50000000000006 -102.90599999999999 0.836286 0 0.548293 0.548293 0 -0.836286 0 1 0 32039.dat
1 0 16.717 -371.28999999999996 -102.90599999999999 0 -0.325568 0.945519 0 0.945519 0.325568 -1 0 0 6558.dat
1 0 17.937 -351.326 -72.906 0 0.0610485 0.998135 0 0.998135 -0.0610485 -1 0 0 4459.dat
1 0 17.937 -351.326 -132.906 0 0.0610485 0.998135 0 0.998135 -0.0610485 -1 0 0 4459.dat
1 0 18.413 -371.62600000000003 -142.906 -1 0 0 0 1 0 0 0 -1 6536.dat
1 0 8.413 -371.39099999999996 -142.906 -1 0 0 0 1 0 0 0 -1 32062.dat
1 5 -20.587 -371.39099999999996 -142.906 0 1 0 1 0 0 0 0 -1 6188.dat
1 0 18.413 -371.62600000000003 -62.90599999999999 -1 0 0 0 1 0 0 0 -1 6536.dat
1 8 16.092 -370.576 -122.90599999999999 0 0.92388 -0.382683 0 0.382683 0.92388 1 0 0 32013.dat
1 8 17.623 -374.272 -122.90599999999999 0 9.1844 -0.92388 0 -22.1731 -0.382683 1 0 0 LS50.dat
1 8 72.729 -507.31 -122.90599999999999 0 -45.922 -0.92388 0 110.866 -0.382683 1 0 0 LS50.dat
1 8 16.092 -370.576 -82.906 0 0.92388 -0.382683 0 0.382683 0.92388 1 0 0 32013.dat
1 8 17.623 -374.272 -82.906 0 9.1844 -0.92388 0 -22.1731 -0.382683 1 0 0 LS50.dat
1 8 72.729 -507.31 -82.906 0 -45.922 -0.92388 0 110.866 -0.382683 1 0 0 LS50.dat
1 0 8.413 -371.39099999999996 -62.90599999999999 -1 0 0 0 1 0 0 0 -1 32062.dat
1 5 -20.587 -371.39099999999996 -62.90599999999999 0 1 0 1 0 0 0 0 -1 6188.dat
1 0 -41.949 -347.664 -102.90599999999999 0 -0.998135 0.0610485 0 0.0610485 0.998135 -1 0 0 6536.dat
1 0 37.9 -352.54900000000004 -102.90599999999999 0 -0.548293 0.836286 0 0.836286 0.548293 -1 0 0 6536.dat
1 8 -127.3 -211.39399999999998 -5.606 -0.0174524 0 0.999848 -0.999848 0 -0.0174524 0 -1 0 6629.dat
1 7 -96.602 -171.83100000000002 -5.606 -0.999848 0 0.0174524 0.0174524 0 0.999848 0 1 0 3749.dat
1 7 12.193 -233.78 14.394 0.59131 0 -0.806445 -0.806445 0 -0.59131 0 1 0 3749.dat
1 7 7.843000000000001 -261.76200000000006 4.394 0 0.580703 -0.814116 0 -0.814116 -0.580703 -1 0 0 3749.dat
1 0 -127.298 -211.3 -5.606 0 0.0174524 0.999848 0 0.999848 -0.0174524 -1 0 0 32062.dat
1 0 -126.59700000000001 -171.306 -5.606 0 0.0174524 0.999848 0 0.999848 -0.0174524 -1 0 0 32062.dat
1 0 -126.59700000000001 -171.306 -5.606 0 -0.0174524 -0.999848 0 -0.999848 0.0174524 -1 0 0 32013.dat
1 0 18.107 -241.84199999999998 14.394 -0.59131 -0.806445 0 0.806445 -0.59131 0 0 0 1 32291.dat
1 0 -227.282 -209.556 -5.606 0 -0.0174524 -0.999848 0 -0.999848 0.0174524 -1 0 0 32039.dat
1 0 -207.285 -209.904 -5.606 0 0.0174524 0.999848 0 0.999848 -0.0174524 -1 0 0 32062.dat
1 0 -237.279 -209.38099999999997 -5.606 -0.999848 0.0174524 0 0.0174524 0.999848 0 0 0 -1 32062.dat
1 4 -267.275 -208.856 -5.606 -0.999848 0.0174524 0 0.0174524 0.999848 0 0 0 -1 32054.dat
1 8 -127.298 -211.3 9.394 0.0174524 0 -0.999848 0.999848 0 0.0174524 0 -1 0 32250.dat
1 8 -127.298 -211.3 -20.606 0.0174524 0 -0.999848 0.999848 0 0.0174524 0 -1 0 32250.dat
1 0 49.374 -199.54 -102.90599999999999 0 0.841039 -0.540974 0 0.540974 0.841039 1 0 0 32064b.dat
1 0 68.604 -210.95100000000002 -102.90599999999999 -0.540974 0.841039 0 0.841039 0.540974 0 0 0 -1 4519.dat
1 0 43.657 -324.854 -102.90599999999999 0.836286 -0.548293 0 0.548293 0.836286 0 0 0 1 4519.dat
1 0 60.193 -216.359 -102.90599999999999 0 0.841039 -0.540974 0 0.540974 0.841039 1 0 0 32064b.dat
1 0 -4.089 -245.81900000000002 -164.906 -0.540974 0.841039 0 0.841039 0.540974 0 0 0 -1 6048.dat
1 0 -4.089 -245.81900000000002 -188.906 0.694658 0.71934 0 -0.71934 0.694658 0 0 0 1 6217.dat
1 0 -4.089 -245.81900000000002 -16.906 -0.999848 0.0174524 0 0.0174524 0.999848 0 0 0 -1 6048.dat
1 0 -4.089 -245.81900000000002 -40.906 0.999848 0.0174524 0 -0.0174524 0.999848 0 0 0 1 6217.dat
1 7 -94.104 -171.874 -5.606 -0.0174524 -0.999848 0 -0.999848 0.0174524 0 0 0 -1 79.dat
1 7 -88.605 -171.97 -5.606 -0.0174524 0.999848 0 -0.999848 -0.0174524 0 0 0 -1 80.dat
1 7 -83.103 -172.067 -5.606 -0.0174524 0.999848 0 -0.999848 -0.0174524 0 0 0 -1 80.dat
1 7 -77.606 -172.175 -5.563 -0.0228516 0.999553 0.0169974 -0.999753 -0.0228481 -0.000296691 -0.0001 0.017 -0.9999 80.dat
1 7 -72.105 -172.335 -5.377 -0.036646 0.997913 0.0540918 -0.999313 -0.0366216 -0.000944175 -0.001 0.0541 -0.9985 80.dat
1 7 -66.625 -172.586 -4.975 -0.0565325 0.99377 0.0957104 -0.998365 -0.0562522 -0.00597129 0.0006 0.0959 -0.9954 80.dat
1 7 -61.169 -172.965 -4.329 -0.085102 0.986189 0.141948 -0.996367 -0.0837241 -0.0156797 0.0036 0.1427 -0.9898 80.dat
1 7 -55.76800000000001 -173.51999999999998 -3.415 -0.125233 0.973426 0.191493 -0.992065 -0.121607 -0.0307467 0.0066 0.1938 -0.981 80.dat
1 7 -50.454 -174.319 -2.215 -0.179894 0.953534 0.241639 -0.98361 -0.172568 -0.051425 0.0073 0.247 -0.969 80.dat
1 7 -45.282 -175.433 -0.729 -0.250633 0.924277 0.287798 -0.968073 -0.238567 -0.0771345 0.0027 0.2979 -0.9546 80.dat
1 7 -40.291 -176.946 1.017 -0.335789 0.884768 0.323111 -0.941883 -0.31899 -0.105355 -0.0099 0.3397 -0.9405 80.dat
1 7 -35.539 -178.929 2.949 -0.42912 0.836483 0.340947 -0.902748 -0.409361 -0.13207 -0.0291 0.3644 -0.9308 80.dat
1 7 -31.061 -181.41299999999998 4.963 -0.521348 0.783975 0.337091 -0.851931 -0.501059 -0.152406 -0.0494 0.3667 -0.929 80.dat
1 7 -26.865 -184.38299999999998 6.933 -0.603661 0.733506 0.31241 -0.794686 -0.584791 -0.162577 -0.0634 0.3464 -0.9359 80.dat
1 7 -22.935 -187.77900000000002 8.747 -0.670596 0.690185 0.271927 -0.738809 -0.654345 -0.16127 -0.0666 0.309 -0.9487 80.dat
1 7 -19.219 -191.516 10.331 -0.720859 0.656148 0.223125 -0.690424 -0.707759 -0.149517 -0.0598 0.2618 -0.9633 80.dat
1 7 -15.668000000000001 -195.51199999999997 11.647 -0.756206 0.631169 0.172859 -0.652702 -0.746429 -0.129937 -0.047 0.2111 -0.9763 80.dat
1 7 -12.239 -199.68499999999997 12.684 -0.779437 0.613704 0.125974 -0.625592 -0.772928 -0.105715 -0.0325 0.1612 -0.9864 80.dat
1 7 -8.888 -203.98499999999999 13.455000000000002 -0.794026 0.601999 0.0848326 -0.607635 -0.790327 -0.0790926 -0.0195 0.1144 -0.9932 80.dat
1 7 -5.59 -208.366 13.978 -0.802534 0.594513 0.0503039 -0.596585 -0.800898 -0.0517858 -0.0094 0.0716 -0.9974 80.dat
1 7 -2.327 -212.78900000000002 14.276 -0.807029 0.590112 0.0218673 -0.590505 -0.806622 -0.0249854 -0.003 0.0331 -0.9994 80.dat
1 7 0.8870000000000001 -217.266 14.376 -0.818551 0.574502 0.000195051 -0.574502 -0.818551 -0.000303241 0 0.0004 -1 80.dat
1 7 3.9530000000000003 -221.83100000000002 14.381 -0.843308 0.537464 0.000780681 -0.537464 -0.843308 -0.00111379 -0.0001 0.0014 -1 80.dat
1 7 6.912000000000001 -226.468 14.388 -0.842919 0.538071 0.000780681 -0.538071 -0.842919 -0.00111379 -0.0001 0.0013 -1 79.dat
1 4 130 -272.39099999999996 0 1 0 0 0 1 0 0 0 1 332.dat
1 7 130 -272.39099999999996 0 1 0 0 0 1 0 0 0 1 32346.dat
1 0 130 -192.391 40 1 0 0 0 1 0 0 0 1 32344.dat
1 0 130 -272.39099999999996 0 1 0 0 0 1 0 0 0 1 32277.dat
1 4 150 -280.391 -10 1 0 0 0 1 0 0 0 1 334.dat
1 4 130 -280.391 -30 1 0 0 0 1 0 0 0 1 334.dat
1 4 110 -280.391 -10 1 0 0 0 1 0 0 0 1 334.dat
1 5 130 -272.39099999999996 0 1 0 0 0 1 0 0 0 1 32345.dat
1 7 130 -272.39099999999996 0 1 0 0 0 1 0 0 0 1 32276.dat
1 0 -60 -134.39100000000002 -70 1 0 0 0 1 0 0 0 1 2780.dat
1 0 -20 -174.391 -110 0 0 -1 0 1 0 1 0 0 2780.dat
1 0 0 -184.391 -120 -1 0 0 0 1 0 0 0 -1 32333.dat
1 8 50 -184.391 -130 0 0 -1 0 1 0 1 0 0 3894.dat
1 0 20 -174.391 -110 0 0 -1 0 1 0 1 0 0 2780.dat
1 7 0 -174.391 -130 0 0 1 0 1 0 -1 0 0 3749.dat
1 7 0 -134.39100000000002 -140 1 0 0 0 1 0 0 0 1 32270.dat
1 7 0 -174.391 -140 1 0 0 0 1 0 0 0 1 32269.dat
1 7 30 -174.391 -170 0 0 -1 0 1 0 1 0 0 32269.dat
1 7 70 -174.391 -170 0 0 -1 0 1 0 1 0 0 3713.dat
1 8 -50 -184.391 -130 0 0 -1 0 1 0 1 0 0 3894.dat
1 7 -70 -174.391 -170 0 0 -1 0 1 0 1 0 0 3713.dat
1 0 0 -134.39100000000002 -120 0 0 -1 0 1 0 1 0 0 4519.dat
1 0 60 -134.39100000000002 -70 1 0 0 0 1 0 0 0 1 2780.dat
1 0 60 -174.391 -90 1 0 0 0 1 0 0 0 1 2780.dat
1 0 -60 -174.391 -90 1 0 0 0 1 0 0 0 1 2780.dat
1 0 70 -134.39100000000002 -90 1 0 0 0 1 0 0 0 1 6558.dat
1 0 -70 -134.39100000000002 -90 -1 0 0 0 1 0 0 0 -1 6558.dat
1 0 -70 -194.391 -90 0 1 0 0 0 1 1 0 0 32140.dat
1 0 70 -194.391 -90 0 1 0 0 0 1 1 0 0 32140.dat
1 0 0 -174.391 -170 -1 0 0 0 1 0 0 0 -1 3737.dat