0 FILE F:\LEGOÆ\MLCad officiÎle sets\6521.ldr
0 Untitled
0 Name: 6521.ldr
0 Author: Rijk van Voorst
0 Unofficial Model
0 ROTATION CENTER 0 0 0 1 "Custom" 
0 ROTATION CONFIG 0 0
1 14 0 0 0 1 0 0 0 1 0 0 0 1 4212b.dat
1 0 0 8 -60 1 0 0 0 1 0 0 0 1 4600.dat
1 0 0 8 60 1 0 0 0 1 0 0 0 1 4600.dat
1 14 30 -8 30 1 0 0 0 1 0 0 0 1 3024.dat
1 14 -30 -8 30 1 0 0 0 1 0 0 0 1 3024.dat
1 36 -30 -8 90 1 0 0 0 1 0 0 0 1 3024.dat
1 36 30 -8 90 1 0 0 0 1 0 0 0 1 3024.dat
1 14 0 -8 -30 1 0 0 0 1 0 0 0 1 3829c01.dat
1 14 0 -16 -60 1 0 0 0 1 0 0 0 1 3788.dat
1 14 0 -16 60 1 0 0 0 1 0 0 0 1 3788.dat
1 14 30 -16 30 1 0 0 0 1 0 0 0 1 3024.dat
1 14 -30 -16 30 1 0 0 0 1 0 0 0 1 3024.dat
1 14 -30 -16 90 1 0 0 0 1 0 0 0 1 3024.dat
1 14 30 -16 90 1 0 0 0 1 0 0 0 1 3024.dat
1 14 -10 -24 -90 1 0 0 0 1 0 0 0 1 4070.dat
1 14 10 -24 -90 1 0 0 0 1 0 0 0 1 4070.dat
1 14 0 -24 90 1 0 0 0 1 0 0 0 1 4865a.dat
1 14 0 -24 30 -1 0 0 0 1 0 0 0 -1 4865a.dat
1 0 0 -14 -104 -1 0 0 0 0 1 0 1 0 2412a.dat
1 14 30 -24 -90 1 0 0 0 1 0 0 0 1 4070.dat
1 14 -30 -24 -90 1 0 0 0 1 0 0 0 1 4070.dat
1 47 -30 -14 -104 -1 0 0 0 0 1 0 1 0 3024.dat
1 47 30 -14 -104 -1 0 0 0 0 1 0 1 0 3024.dat
1 14 0 -24 -60 -1 0 0 0 1 0 0 0 -1 3020.dat
1 14 -30 -24 -30 1 0 0 0 1 0 0 0 1 3821.dat
1 14 30 -24 -30 1 0 0 0 1 0 0 0 1 3822.dat
1 14 30 -40 80 0 0 1 0 1 0 -1 0 0 4865a.dat
1 14 -30 -40 80 0 0 -1 0 1 0 1 0 0 4865a.dat
1 14 -30 -64 40 0 0 -1 0 1 0 1 0 0 4864ap01.dat
1 14 30 -64 40 0 0 1 0 1 0 -1 0 0 4864ap01.dat
1 47 0 -72 -30 1 0 0 0 1 0 0 0 1 3823.dat
1 14 -30 -72 50 -1 0 0 0 1 0 0 0 -1 4085b.dat
1 14 30 -72 50 -1 0 0 0 1 0 0 0 -1 4085b.dat
1 14 0 -80 50 -1 0 0 0 1 0 0 0 -1 3710.dat
1 14 0 -72 30 1 0 0 0 1 0 0 0 1 4625.dat
1 14 0 -80 0 1 0 0 0 1 0 0 0 1 4213.dat
1 14 -10 -104 10 1 0 0 0 1 0 0 0 1 4070.dat
1 14 10 -104 10 1 0 0 0 1 0 0 0 1 4070.dat
1 36 -10 -94 20 1 0 0 0 0 -1 0 1 0 4073.dat
1 36 10 -94 20 1 0 0 0 0 -1 0 1 0 4073.dat
1 14 0 -94 -4 1 0 0 0 0 -1 0 1 0 2431p00.dat
1 46 -10 -112 10 1 0 0 0 1 0 0 0 1 4073.dat
1 46 -10 -120 10 1 0 0 0 1 0 0 0 1 4073.dat
1 0 10 -112 10 1 0 0 0 1 0 0 0 1 4592c01.dat
1 0 -30 -88 70 1 0 0 0 1 0 0 0 1 4522.dat
1 0 30 -80 70 1 0 0 0 1 0 0 0 1 4006.dat
1 15 -30 13 -60 0 0 1 0 1 0 -1 0 0 4624.dat
1 0 -30 13 -60 0 0 1 0 1 0 -1 0 0 3641.dat
1 15 -30 13 60 0 0 1 0 1 0 -1 0 0 4624.dat
1 0 -30 13 60 0 0 1 0 1 0 -1 0 0 3641.dat
1 15 30 13 60 0 0 -1 0 1 0 1 0 0 4624.dat
1 0 30 13 60 0 0 -1 0 1 0 1 0 0 3641.dat
1 15 30 13 -60 0 0 -1 0 1 0 1 0 0 4624.dat
1 0 30 13 -60 0 0 -1 0 1 0 1 0 0 3641.dat
1 0 0 -40 10 1 0 0 0 1 0 0 0 1 Driver.ldr
0
0 FILE Driver.ldr
0 New Minifig Model
0 Name: Driver.ldr
0 Author: Rijk van Voorst
0 Unofficial Model
0 ROTATION CENTER 0 0 0 1 "Custom" 
0 ROTATION CONFIG 0 0
1 4 0 -21 -2 1 0 0 0 1 0 0 0 1 4485.dat
1 14 0 -21 -2 1 0 0 0 1 0 0 0 1 3626ap01.dat
1 1 0 3 -2 1 0 0 0 1 0 0 0 1 973p27.dat
1 7 0 35 -2 1 0 0 0 1 0 0 0 1 3815.dat
1 1 -15.552 12 -2 0.985 -0.130228 -0.109274 0.17 0.754554 0.633146 0 -0.642788 0.766044 3818.dat
1 1 15.552 12 -2 0.985 0.130228 0.109274 -0.17 0.754554 0.633146 0 -0.642788 0.766044 3819.dat
1 14 -21.989 18.737 -21.966 0.985 -0.169328 0.0148142 0.17 0.981104 -0.0858354 0 0.0871426 0.996044 3820.dat
1 14 21.989 18.737 -21.966 0.985 0.169328 -0.0148142 -0.17 0.981104 -0.0858354 0 0.0871426 0.996044 3820.dat
1 7 0 47 -2 1 0 0 0 0 1 0 -1 0 3816.dat
1 7 0 47 -2 1 0 0 0 0 1 0 -1 0 3817.dat
0
0
