0 FILE F:\LEGO®\6356.ldr
0 Untitled
0 Name: 6356.ldr
0 Author: Rijk van Voorst
0 Unofficial Model
0 ROTATION CENTER 0 0 0 1 "Custom" 
0 ROTATION CONFIG 0 0
1 4 0 0 0 0 0 -1 0 1 0 1 0 0 4282.dat
1 15 0 -8 -150 1 0 0 0 1 0 0 0 1 4855.dat
1 15 0 8 130 0 0 -1 0 1 0 1 0 0 3021.dat
1 15 0 -8 -100 0 0 -1 0 1 0 1 0 0 4854.dat
1 15 0 -8 -20 0 0 -1 0 1 0 1 0 0 4854.dat
1 15 0 -8 60 0 0 -1 0 1 0 1 0 0 4854.dat
1 15 30 -8 130 0 0 -1 0 1 0 1 0 0 4161.dat
1 15 -30 -8 130 0 0 1 0 1 0 -1 0 0 4161.dat
1 15 0 -24 -70 -1 0 0 0 1 0 0 0 -1 4865a.dat
1 15 0 -24 10 1 0 0 0 1 0 0 0 1 4865a.dat
1 0 0 -24 -150 0 0 -1 0 1 0 1 0 0 3002.dat
1 4 -30 -16 -120 0 0 -1 0 1 0 1 0 0 3710.dat
1 4 -30 -16 20 0 0 -1 0 1 0 1 0 0 4477.dat
1 4 30 -16 -100 0 0 -1 0 1 0 1 0 0 3666.dat
1 4 30 -16 100 0 0 -1 0 1 0 1 0 0 3666.dat
1 4 30 -16 0 0 0 -1 0 1 0 1 0 0 2431.dat
1 4 0 -16 -200 1 0 0 0 1 0 0 0 1 4859.dat
1 15 0 -24 -200 1 0 0 0 1 0 0 0 1 4859.dat
1 15 30 -24 -100 0 0 -1 0 1 0 1 0 0 3666.dat
1 15 -30 -24 -100 0 0 -1 0 1 0 1 0 0 3666.dat
1 4 -40 -16 160 0 0 1 0 1 0 -1 0 0 2429.dat
1 4 -40 -16 160 0 0 1 0 1 0 -1 0 0 2430.dat
1 15 -10 -8 170 -1 0 0 0 1 0 0 0 -1 3676.dat
1 15 10 -8 170 0 0 -1 0 1 0 1 0 0 3676.dat
1 4 10 -16 180 -1 0 0 0 1 0 0 0 -1 3021.dat
1 0 0 -48 -150 -1 0 0 0 1 0 0 0 -1 3039pc4.dat
1 43 30 -48 -120 0 0 1 0 1 0 -1 0 0 4865a.dat
1 43 -30 -48 -120 0 0 -1 0 1 0 1 0 0 4865a.dat
1 15 -30 -48 -50 0 0 -1 0 1 0 1 0 0 3005.dat
1 15 30 -48 -50 0 0 -1 0 1 0 1 0 0 3005.dat
1 15 30 -40 170 0 0 -1 0 1 0 1 0 0 3005.dat
1 15 -30 -40 170 0 0 -1 0 1 0 1 0 0 3005.dat
1 15 -20 -40 190 -1 0 0 0 1 0 0 0 -1 3660.dat
1 15 20 -40 190 -1 0 0 0 1 0 0 0 -1 3660.dat
1 15 -20 -64 210 -1 0 0 0 1 0 0 0 -1 3660.dat
1 15 20 -64 210 -1 0 0 0 1 0 0 0 -1 3660.dat
1 15 -30 -72 -50 -1 0 0 0 1 0 0 0 -1 3005.dat
1 15 30 -72 -50 -1 0 0 0 1 0 0 0 -1 3005.dat
1 15 0 -48 -150 1 0 0 0 1 0 0 0 1 4858.dat
1 15 30 -72 -80 0 0 1 0 1 0 -1 0 0 4864ap02.dat
1 15 -30 -72 -80 0 0 -1 0 1 0 1 0 0 4864ap02.dat
1 15 30 -64 140 0 0 1 0 1 0 -1 0 0 4864a.dat
1 15 30 -64 100 0 0 1 0 1 0 -1 0 0 4864a.dat
1 15 30 -64 60 0 0 1 0 1 0 -1 0 0 4864a.dat
1 15 -30 -64 60 0 0 -1 0 1 0 1 0 0 4864a.dat
1 15 -30 -64 100 0 0 -1 0 1 0 1 0 0 4864a.dat
1 15 -30 -64 140 0 0 -1 0 1 0 1 0 0 4864a.dat
1 15 -30 -64 0 0 0 1 0 1 0 -1 0 0 4863.dat
1 43 -30 -64 -20 0 0 1 0 1 0 -1 0 0 4862.dat
1 43 -30 -64 20 0 0 1 0 1 0 -1 0 0 4862.dat
1 15 -30 -64 180 0 0 1 0 1 0 -1 0 0 3004.dat
1 15 30 -64 180 0 0 1 0 1 0 -1 0 0 3004.dat
1 15 -30 -72 0 0 0 1 0 1 0 -1 0 0 3710.dat
1 4 -30 -72 80 0 0 1 0 1 0 -1 0 0 3710.dat
1 4 30 -72 100 0 0 1 0 1 0 -1 0 0 3666.dat
1 4 30 -72 180 0 0 1 0 1 0 -1 0 0 3023.dat
1 4 0 -72 220 1 0 0 0 1 0 0 0 1 3020.dat
1 4 -40 -72 160 0 0 1 0 1 0 -1 0 0 2429.dat
1 4 -40 -72 160 0 0 1 0 1 0 -1 0 0 2430.dat
1 15 30 -80 -60 0 0 1 0 1 0 -1 0 0 3069b.dat
1 15 30 -80 60 0 0 1 0 1 0 -1 0 0 3069b.dat
1 15 0 -80 170 1 0 0 0 1 0 0 0 1 2431.dat
1 15 30 -80 -90 1 0 0 0 1 0 0 0 1 3024.dat
1 15 -30 -80 -90 1 0 0 0 1 0 0 0 1 3024.dat
1 15 -20 -80 210 0 0 -1 0 1 0 1 0 0 3021.dat
1 15 20 -80 210 0 0 -1 0 1 0 1 0 0 3021.dat
1 15 0 -80 120 -1 0 0 0 1 0 0 0 -1 3030.dat
1 15 -60 16 110 -1 0 0 0 1 0 0 0 -1 3023.dat
1 15 60 16 110 -1 0 0 0 1 0 0 0 -1 3023.dat
1 15 0 16 140 -1 0 0 0 1 0 0 0 -1 3034.dat
1 15 0 16 -140 -1 0 0 0 1 0 0 0 -1 3680c01.dat
1 15 190 -80 120 0 0 -1 0 1 0 1 0 0 2413.dat
1 15 -190 -80 120 0 0 1 0 1 0 -1 0 0 2413.dat
1 4 190 -72 110 0 0 -1 0 1 0 1 0 0 2420.dat
1 4 -190 -72 110 1 0 0 0 1 0 0 0 1 2420.dat
1 4 -190 -64 130 1 0 0 0 1 0 0 0 1 3024.dat
1 4 190 -64 130 1 0 0 0 1 0 0 0 1 3024.dat
1 4 -170 -72 130 -1 0 0 0 1 0 0 0 -1 3665.dat
1 4 170 -72 130 -1 0 0 0 1 0 0 0 -1 3665.dat
1 4 100 -72 130 -1 0 0 0 1 0 0 0 -1 3660.dat
1 4 -100 -72 130 -1 0 0 0 1 0 0 0 -1 3660.dat
1 4 -100 -72 100 -1 0 0 0 1 0 0 0 -1 3022.dat
1 4 100 -72 100 -1 0 0 0 1 0 0 0 -1 3022.dat
1 4 -180 -64 100 0 0 1 0 1 0 -1 0 0 4488.dat
1 4 180 -64 100 0 0 1 0 1 0 -1 0 0 4488.dat
1 4 180 -72 90 1 0 0 0 1 0 0 0 1 3069b.dat
1 4 -180 -72 90 1 0 0 0 1 0 0 0 1 3069b.dat
1 4 -100 -64 100 0 0 1 0 1 0 -1 0 0 4488.dat
1 4 100 -64 100 0 0 1 0 1 0 -1 0 0 4488.dat
1 4 190 -56 110 0 0 -1 0 1 0 1 0 0 2420.dat
1 4 -190 -56 110 1 0 0 0 1 0 0 0 1 2420.dat
1 7 -60 24 120 1 0 0 0 1 0 0 0 1 4870.dat
1 7 60 24 120 1 0 0 0 1 0 0 0 1 4870.dat
1 7 0 24 -140 1 0 0 0 1 0 0 0 1 4870.dat
1 15 -130 -72 220 0 0 -1 0 1 0 1 0 0 4477.dat
1 15 130 -72 220 0 0 -1 0 1 0 1 0 0 4477.dat
1 7 10 53 -124 0 0 -1 0 1 0 1 0 0 4624.dat
1 0 10 53 -124 1 0 0 0 1 0 0 0 1 3139.dat
1 7 -10 53 -124 0 0 1 0 1 0 -1 0 0 4624.dat
1 0 -10 53 -124 -1 0 0 0 1 0 0 0 -1 3139.dat
1 7 70 53 136 0 0 -1 0 1 0 1 0 0 4624.dat
1 0 70 53 136 1 0 0 0 1 0 0 0 1 3139.dat
1 7 50 53 136 0 0 1 0 1 0 -1 0 0 4624.dat
1 0 50 53 136 -1 0 0 0 1 0 0 0 -1 3139.dat
1 7 -50 53 136 0 0 -1 0 1 0 1 0 0 4624.dat
1 0 -50 53 136 1 0 0 0 1 0 0 0 1 3139.dat
1 7 -70 53 136 0 0 1 0 1 0 -1 0 0 4624.dat
1 0 -70 53 136 -1 0 0 0 1 0 0 0 -1 3139.dat
1 0 0 -56 -90 1 0 0 0 1 0 0 0 1 Pilot.ldr
1 0 0 -53 -28 -1 0 0 0 1 0 0 0 -1 Medic.ldr
1 0 0 -108 80 1 0 0 0 1 0 0 0 1 Wounded.ldr
1 15 100 -88 120 0 0 -1 0 1 0 1 0 0 3020.dat
1 15 180 -88 120 0 0 -1 0 1 0 1 0 0 3020.dat
1 15 -100 -88 120 0 0 -1 0 1 0 1 0 0 3020.dat
1 15 -180 -88 120 0 0 -1 0 1 0 1 0 0 3020.dat
1 15 -130 -80 240 0 0 -1 0 1 0 1 0 0 3460.dat
1 15 130 -80 240 0 0 -1 0 1 0 1 0 0 3460.dat
1 4 130 -88 160 0 0 -1 0 1 0 1 0 0 4162.dat
1 4 -130 -88 160 0 0 -1 0 1 0 1 0 0 4162.dat
1 4 -130 -152 320 1 0 0 0 1 0 0 0 1 2340.dat
1 4 130 -152 320 1 0 0 0 1 0 0 0 1 2340.dat
1 43 0 -80 -130 1 0 0 0 1 0 0 0 1 2437.dat
1 0 -100 -59 73 1 0 0 0 0 -1 0 1 0 2421.dat
1 0 -180 -59 73 1 0 0 0 0 -1 0 1 0 2421.dat
1 0 100 -59 73 1 0 0 0 0 -1 0 1 0 2421.dat
1 0 180 -59 73 1 0 0 0 0 -1 0 1 0 2421.dat
1 15 -10 -104 90 0 0 1 0 1 0 -1 0 0 3040b.dat
1 15 10 -104 90 0 0 -1 0 1 0 1 0 0 3040b.dat
1 15 10 -104 140 0 0 -1 0 1 0 1 0 0 3037.dat
1 15 -10 -104 140 0 0 1 0 1 0 -1 0 0 3037.dat
1 15 0 -104 190 -1 0 0 0 1 0 0 0 -1 4861.dat
1 15 30 -64 0 0 0 -1 0 1 0 1 0 0 4863.dat
1 43 30 -64 -20 0 0 -1 0 1 0 1 0 0 4862.dat
1 43 30 -64 20 0 0 -1 0 1 0 1 0 0 4862.dat
1 15 30 -72 0 0 0 -1 0 1 0 1 0 0 3710.dat
1 15 30 -80 0 0 0 -1 0 1 0 1 0 0 3710.dat
1 15 -30 -80 -40 0 0 -1 0 1 0 1 0 0 4625.dat
1 15 -30 -80 40 0 0 -1 0 1 0 1 0 0 4625.dat
1 15 0 -104 40 0 0 -1 0 1 0 1 0 0 4857.dat
1 15 0 -104 -40 0 0 -1 0 1 0 1 0 0 4857.dat
1 15 0 -160 320 -1 0 0 0 1 0 0 0 -1 4282.dat
1 15 0 -104 -90 1 0 0 0 1 0 0 0 1 4861.dat
1 36 260 -88 120 1 0 0 0 1 0 0 0 1 4073.dat
1 34 -260 -88 120 1 0 0 0 1 0 0 0 1 4073.dat
1 36 0 -168 320 1 0 0 0 1 0 0 0 1 4073.dat
1 15 0 -112 180 1 0 0 0 1 0 0 0 1 3068bp52.dat
1 4 -100 -56 110 1 0 0 0 1 0 0 0 1 3023.dat
1 4 100 -56 110 1 0 0 0 1 0 0 0 1 3023.dat
0
0 FILE Pilot.ldr
0 New Minifig Model
0 Name: Pilot.ldr
0 Author: Rijk van Voorst
0 Unofficial Model
0 ROTATION CENTER 0 0 0 1 "Custom" 
0 ROTATION CONFIG 0 0
1 0 0 -21 -2 1 0 0 0 1 0 0 0 1 3624.dat
1 14 0 -21 -2 1 0 0 0 1 0 0 0 1 3626ap01.dat
1 0 0 3 -2 1 0 0 0 1 0 0 0 1 973p04.dat
1 0 0 35 -2 1 0 0 0 1 0 0 0 1 3815.dat
1 0 -15.552 12 -2 0.985 -0.130228 -0.109274 0.17 0.754554 0.633146 0 -0.642788 0.766044 3818.dat
1 0 15.552 12 -2 0.985 0.130228 0.109274 -0.17 0.754554 0.633146 0 -0.642788 0.766044 3819.dat
1 14 -21.9894 18.7375 -21.9657 0.985 -0.169328 0.0148142 0.17 0.981104 -0.0858354 0 0.0871426 0.996044 3820.dat
1 14 21.9894 18.7375 -21.9657 0.985 0.169328 -0.0148142 -0.17 0.981104 -0.0858354 0 0.0871426 0.996044 3820.dat
1 0 0 47 -2 1 0 0 0 0 1 0 -1 0 3816.dat
1 0 0 47 -2 1 0 0 0 0 1 0 -1 0 3817.dat
0
0 FILE Medic.ldr
0 New Minifig Model
0 Name: Medic.ldr
0 Author: Rijk van Voorst
0 Unofficial Model
0 ROTATION CENTER 0 0 0 1 "Custom" 
0 ROTATION CONFIG 0 0
1 0 0 -24 0 1 0 0 0 1 0 0 0 1 3901.dat
1 14 0 -24 0 1 0 0 0 1 0 0 0 1 3626ap01.dat
1 15 0 0 0 1 0 0 0 1 0 0 0 1 973p24.dat
1 4 0 32 0 1 0 0 0 1 0 0 0 1 3815.dat
1 15 -15.552 9 0 0.985 -0.147224 -0.085 0.17 0.853035 0.4925 0 -0.5 0.866025 3818.dat
1 15 15.552 9 0 0.985 0.147224 0.085 -0.17 0.853035 0.4925 0 -0.5 0.866025 3819.dat
1 14 -22.5588 19.0367 -18.3187 0.985 -0.164183 0.0439926 0.17 0.951293 -0.254898 0 0.25878 0.96578 3820.dat
1 14 22.5588 19.0367 -18.3187 0.985 0.164183 -0.0439926 -0.17 0.951293 -0.254898 0 0.25878 0.96578 3820.dat
1 4 0 44 0 1 0 0 0 0 1 0 -1 0 3816.dat
1 4 0 44 0 1 0 0 0 0 1 0 -1 0 3817.dat
0
0 FILE Wounded.ldr
0 New Minifig Model
0 Name: Wounded.ldr
0 Author: Rijk van Voorst
0 Unofficial Model
0 ROTATION CENTER 0 0 0 1 "Custom" 
0 ROTATION CONFIG 0 0
1 0 0 59.951 45.253 1 0 0 0 0.147809 0.989016 0 -0.989016 0.147809 4530.dat
1 14 0 59.951 45.253 1 0 0 0 0.147809 0.989016 0 -0.989016 0.147809 3626ap01.dat
1 1 0 63.496 21.518 1 0 0 0 0.147809 0.989016 0 -0.989016 0.147809 973.dat
1 7 0 68.224 -10.131 1 0 0 0 0.147809 0.989016 0 -0.989016 0.147809 3815.dat
1 1 -15.552 64.828 12.615 0.985 -0.17 0 0.0251276 0.145592 0.989016 -0.168133 -0.974181 0.147809 3818.dat
1 1 15.552 64.828 12.615 0.985 0.17 0 -0.0251276 0.145592 0.989016 0.168133 -0.974181 0.147809 3819.dat
1 14 -23.863 57.221 -6.313 0.985 -0.12019 0.12019 0.0251276 0.802168 0.5963 -0.168133 -0.584244 0.793247 3820.dat
1 14 23.863 57.221 -6.313 0.985 0.12019 -0.12019 -0.0251276 0.802168 0.5963 0.168133 -0.584244 0.793247 3820.dat
1 7 0 70 -22 1 0 0 0 0 1 0 -1 0 3816.dat
1 7 0 70 -22 1 0 0 0 0 1 0 -1 0 3817.dat
1 15 0 80 0 0 0 -1 0 1 0 1 0 0 4714.dat
1 15 0 92 -40 -1 0 0 0 0.147809 0.989016 0 0.989016 -0.147809 4715.dat
1 15 0 92 40 -1 0 0 0 0.147809 -0.989016 0 -0.989016 -0.147809 4715.dat
0 
0
0
