0 !LEOCAD MODEL DESCRIPTION 604 - Shell Service Car - 1978
1 0 130 -18 0 0 0 1 0 1 0 -1 0 0 3641.DAT
1 0 130 -18 100 0 0 1 0 1 0 -1 0 0 3641.DAT
1 0 70 -18 0 0 0 1 0 1 0 -1 0 0 3641.DAT
1 0 70 -18 100 0 0 1 0 1 0 -1 0 0 3641.DAT
1 14 100 -32 60 0 0 1 0 1 0 -1 0 0 3034.DAT
1 14 100 -40 130 1 0 0 0 1 0 0 0 1 3023.DAT
1 14 100 -40 50 0 0 -1 0 1 0 1 0 0 3021.DAT
1 14 100 -48 0 1 0 0 0 1 0 0 0 1 3787.DAT
1 14 100 -48 100 1 0 0 0 1 0 0 0 1 3787.DAT
1 14 120 -24 50 0 0 -1 0 1 0 1 0 0 3021.DAT
1 14 80 -24 50 0 0 -1 0 1 0 1 0 0 3021.DAT
1 15 100 -72 110 0 0 1 0 1 0 -1 0 0 3002.DAT
1 15 100 -80 100 0 0 -1 0 1 0 1 0 0 3020.DAT
1 4 100 -48 60 0 0 -1 0 1 0 1 0 0 3034.DAT
1 47 100 -72 70 1 0 0 0 1 0 0 0 1 3039.DAT
1 7 100 -24 0 1 0 0 0 1 0 0 0 1 122C01.DAT
1 7 100 -24 100 1 0 0 0 1 0 0 0 1 122C01.DAT
0 !LEOCAD GROUP BEGIN Minifig #1
1 4 -20 -96 90 1 0 0 0 1 0 0 0 1 3624.DAT
1 14 -20 -96 90 1 0 0 0 1 0 0 0 1 3626BP01.DAT
1 15 -20 -72 90 1 0 0 0 1 0 0 0 1 973D04.DAT
1 1 -20 -40 90 1 0 0 0 1 0 0 0 1 3815.DAT
1 15 -4.5 -64 90 0.985435 0.170052 0 -0.170052 0.985435 0 0 0 1 3819.DAT
1 15 -35.5 -64 90 0.985435 -0.170052 0 0.170052 0.985435 0 0 0 1 3818.DAT
1 14 3.658161 -46.126991 80 0.985435 0.120246 -0.120243 -0.170052 0.696817 -0.696799 0 0.707097 0.707116 3820.DAT
1 14 -43.658161 -46.126991 80 0.985435 -0.120246 0.120243 0.170052 0.696817 -0.696799 0 0.707097 0.707116 3820.DAT
1 1 -20 -28 90 1 0 0 0 1 0 0 0 1 3817.DAT
1 1 -20 -28 90 1 0 0 0 1 0 0 0 1 3816.DAT
0 !LEOCAD GROUP END
