0 !LEOCAD MODEL AUTHOR LEGO staff (unknown); .ldr from Nitrofurano;
0 !LEOCAD MODEL DESCRIPTION 675 - Snackbar - 1979
0 !LEOCAD MODEL COMMENT missing "snackbar" 8x1 brick; wrong minifig torso; probably wrong wig;
1 2 80 0 80 1 0 0 0 1 0 0 0 1 3865.DAT
1 15 190 -72 150 -1 0 0 0 1 0 0 0 -1 3005.DAT
1 15 190 -24 70 -1 0 0 0 1 0 0 0 -1 3005.DAT
1 4 170 -88 140 1 0 0 0 1 0 0 0 1 3062A.DAT
1 14 170 -88 100 1 0 0 0 1 0 0 0 1 3062A.DAT
1 14 30 -80 30 1 0 0 0 1 0 0 0 1 3062A.DAT
1 15 180 -72 50 -1 0 0 0 1 0 0 0 -1 3004.DAT
1 15 0 -48 50 -1 0 0 0 1 0 0 0 -1 3004.DAT
1 15 0 -24 50 -1 0 0 0 1 0 0 0 -1 3010.DAT
1 15 190 -72 100 0 0 1 0 1 0 -1 0 0 3010.DAT
1 15 190 -48 100 0 0 1 0 1 0 -1 0 0 3009.DAT
1 15 100 -48 50 -1 0 0 0 1 0 0 0 -1 3008.DAT
1 15 120 -24 50 -1 0 0 0 1 0 0 0 -1 3008.DAT
1 15 180 -24 120 0 0 1 0 1 0 -1 0 0 3001.DAT
1 4 -30 -120 70 1 0 0 0 1 0 0 0 1 3861.DAT
1 4 70 -80 30 1 0 0 0 1 0 0 0 1 3899.DAT
1 4 130 -80 30 1 0 0 0 1 0 0 0 1 3899.DAT
1 2 340 -8 110 1 0 0 0 1 0 0 0 1 3471.DAT
1 47 130 -80 80 0 0 -1 0 1 0 1 0 0 3023.DAT
1 15 140 -128 50 -1 0 0 0 1 0 0 0 -1 3710.DAT
1 15 40 -128 50 -1 0 0 0 1 0 0 0 -1 3666.DAT
1 0 130 -40 100 -1 0 0 0 1 0 0 0 -1 3021.DAT
1 15 150 -32 140 -1 0 0 0 1 0 0 0 -1 3021.DAT
1 1 160 -152 30 1 0 0 0 1 0 0 0 1 3795.DAT
1 1 20 -152 30 1 0 0 0 1 0 0 0 1 3034.DAT
1 7 80 -56 40 -1 0 0 0 1 0 0 0 -1 3034.DAT
1 1 80 -152 110 1 0 0 0 1 0 0 0 1 3456.DAT
1 15 270 -8 -20 1 0 0 0 1 0 0 0 1 676P01.DAT
1 0 150 -64 100 0 0 1 0 1 0 -1 0 0 3039.DAT
1 15 100 -64 40 1 0 0 0 1 0 0 0 1 3068B.DAT
1 15 -30 -24 150 -1 0 0 0 1 0 0 0 -1 3005.DAT
1 15 -30 -48 50 -1 0 0 0 1 0 0 0 -1 3005.DAT
1 15 -30 -48 150 -1 0 0 0 1 0 0 0 -1 3005.DAT
1 15 150 -32 100 -1 0 0 0 1 0 0 0 -1 3021.DAT
1 15 -20 -72 50 -1 0 0 0 1 0 0 0 -1 3004.DAT
1 15 170 -56 150 -1 0 0 0 1 0 0 0 -1 3005.DAT
1 15 170 -56 90 -1 0 0 0 1 0 0 0 -1 3005.DAT
1 15 -30 -72 150 -1 0 0 0 1 0 0 0 -1 3005.DAT
1 15 190 -96 100 0 0 1 0 1 0 -1 0 0 3009.DAT
1 15 170 -96 50 -1 0 0 0 1 0 0 0 -1 3005.DAT
1 15 -20 -96 50 -1 0 0 0 1 0 0 0 -1 3004.DAT
1 15 -30 -96 150 -1 0 0 0 1 0 0 0 -1 3005.DAT
1 15 190 -120 150 -1 0 0 0 1 0 0 0 -1 3005.DAT
1 15 190 -120 100 0 0 1 0 1 0 -1 0 0 3010.DAT
1 15 -30 -120 150 -1 0 0 0 1 0 0 0 -1 3005.DAT
1 15 -30 -144 100 0 0 1 0 1 0 -1 0 0 3009.DAT
1 15 190 -144 100 0 0 1 0 1 0 -1 0 0 3009.DAT
1 15 140 -144 50 -1 0 0 0 1 0 0 0 -1 3710.DAT
1 15 40 -144 50 -1 0 0 0 1 0 0 0 -1 3666.DAT
1 15 20 -136 50 1 0 0 0 1 0 0 0 1 3710.DAT
1 15 120 -136 50 1 0 0 0 1 0 0 0 1 3666.DAT
1 15 80 -176 40 -1 0 0 0 1 0 0 0 -1 3008.DAT
1 4 10 -80 50 1 0 0 0 1 0 0 0 1 3062A.DAT
1 15 170 -64 120 0 0 -1 0 1 0 1 0 0 3710.DAT
1 15 -20 -120 50 1 0 0 0 1 0 0 0 1 3004P07.DAT
1 15 180 -120 50 1 0 0 0 1 0 0 0 1 3004P07.DAT
0 !LEOCAD GROUP BEGIN figure1
1 14 20 -96 -50 1 0 0 0 1 0 0 0 1 3626BP01.DAT
1 0 20 -72 -50 1 0 0 0 1 0 0 0 1 973.DAT
1 0 20 -40 -50 1 0 0 0 1 0 0 0 1 3815.DAT
1 0 20 -28 -50 1 0 0 0 1 0 0 0 1 3817.DAT
1 0 20 -28 -50 1 0 0 0 1 0 0 0 1 3816.DAT
1 320 20 -96 -50 1 0 0 0 1 0 0 0 1 3901.DAT
1 1 35.5 -64 -50 0.985435 0.170052 0 -0.170052 0.985435 0 0 0 1 3819.DAT
1 1 4.5 -64 -50 0.985435 -0.170052 0 0.170052 0.985435 0 0 0 1 3818.DAT
1 14 43.658161 -46.126991 -60 0.985435 0.120246 -0.120243 -0.170052 0.696817 -0.696799 0 0.707097 0.707116 3820.DAT
1 14 -3.658161 -46.126991 -60 0.985435 -0.120246 0.120243 0.170052 0.696817 -0.696799 0 0.707097 0.707116 3820.DAT
0 !LEOCAD GROUP END
0 !LEOCAD GROUP BEGIN figure2
1 15 120 -72 -50 1 0 0 0 1 0 0 0 1 973P2A.DAT
1 15 120 -96 -50 1 0 0 0 1 0 0 0 1 3898.DAT
1 14 120 -96 -50 1 0 0 0 1 0 0 0 1 3626BP01.DAT
1 7 120 -40 -50 1 0 0 0 1 0 0 0 1 3815.DAT
1 7 120 -28 -50 1 0 0 0 1 0 0 0 1 3817.DAT
1 7 120 -28 -50 1 0 0 0 1 0 0 0 1 3816.DAT
1 15 135.5 -64 -50 0.985435 0.170052 0 -0.170052 0.985435 0 0 0 1 3819.DAT
1 15 104.5 -64 -50 0.985435 -0.170052 0 0.170052 0.985435 0 0 0 1 3818.DAT
1 14 143.658157 -46.126991 -60 0.985435 0.120246 -0.120243 -0.170052 0.696817 -0.696799 0 0.707097 0.707116 3820.DAT
1 14 96.341843 -46.126991 -60 0.985435 -0.120246 0.120243 0.170052 0.696817 -0.696799 0 0.707097 0.707116 3820.DAT
0 !LEOCAD GROUP END
