0
1  15 0 0 0 0 0 -1 0 1 0 1 0 0 3795.DAT
1  15 20 8 0 0 0 -1 0 1 0 1 0 0 3022.DAT
1  15 -20 8 0 0 0 -1 0 1 0 1 0 0 3022.DAT
1  7 -30 0 -10 1 0 0 0 1 0 0 0 1 4081B.DAT
1  7 30 0 -10 1 0 0 0 1 0 0 0 1 4081B.DAT
1  7 30 0 10 -1 0 0 0 1 0 0 0 -1 4081B.DAT
1  7 -30 0 10 -1 0 0 0 1 0 0 0 -1 4081B.DAT
1  15 0 -8 0 0 0 -1 0 1 0 1 0 0 3022.DAT
1  15 -30 -8 0 0 0 -1 0 1 0 1 0 0 3794.DAT
1  15 30 -8 0 0 0 -1 0 1 0 1 0 0 3794.DAT
1  320 -58 2 -30 0 1 0 0 0 1 1 0 0 3062B.DAT
1  320 -58 2 30 0 1 0 0 0 1 1 0 0 3062B.DAT
1  7 0 -16 10 -1 0 0 0 1 0 0 0 -1 2540.DAT
1  7 0 -16 -10 1 0 0 0 1 0 0 0 1 2540.DAT
1  15 60 -16 0 1 0 0 0 1 0 0 0 1 3710.DAT
1  320 -80 -16 0 1 0 0 0 1 0 0 0 1 3666.DAT
1  15 -130 -8 0 0 0 -1 0 1 0 1 0 0 3665.DAT
1  15 50 -8 0 0 0 -1 0 1 0 1 0 0 3665.DAT
1  15 -50 -8 0 0 0 1 0 1 0 -1 0 0 3665.DAT
1  15 -10 -24 0 0 0 -1 0 1 0 1 0 0 3794.DAT
1  15 10 -24 0 0 0 -1 0 1 0 1 0 0 3794.DAT
1  8 40 -24 0 -1 0 0 0 1 0 0 0 -1 3023.DAT
1  8 -40 -24 0 -1 0 0 0 1 0 0 0 -1 3023.DAT
1  15 -100 -24 0 -1 0 0 0 1 0 0 0 -1 2431.DAT
1  7 0 16 -10 1 0 0 0 1 0 0 0 1 2540.DAT
1  7 0 16 10 -1 0 0 0 1 0 0 0 -1 2540.DAT
1  15 20 18 30 0 -1 0 0.9238796 0 0.3826834 -0.3826834 0 0.9238796 44676.DAT
1  15 20 18 -30 0 -1 0 -0.9238795 0 0.3826834 -0.3826834 0 -0.9238795 44676.DAT
1  15 0 -8 -80 1 0 0 0 1 0 0 0 1 41770.DAT
1  15 0 -8 80 -1 0 0 0 1 0 0 0 -1 41769.DAT
1  15 -10 0 100 0 0 1 0 1 0 -1 0 0 3710.DAT
1  15 -10 0 -100 0 0 1 0 1 0 -1 0 0 3710.DAT
1  320 -10 -8 -130 1 0 0 0 1 0 0 0 1 4081B.DAT
1  320 -10 -8 130 -1 0 0 0 1 0 0 0 -1 4081B.DAT
1  8 -14 -6 150 0 -1 0 0 0 -1 1 0 0 30374.DAT
1  8 -14 -6 -150 0 -1 0 0 0 -1 1 0 0 30374.DAT
1  8 20 -32 0 -1 0 0 0 1 0 0 0 -1 3023.DAT
1  40 -20 -32 0 -1 0 0 0 1 0 0 0 -1 3023.DAT
1  15 50 -32 0 0 0 1 0 1 0 -1 0 0 4592.DAT
1  0 50 -32 0 0 -0.9238792 0.3826834 0 0.3826833 0.9238794 -1 0 0 4593.DAT
1  15 20 -14 30 0 -1 0 0.9238794 0 -0.3826834 0.3826834 0 0.9238794 44676.DAT
1  15 20 -14 -30 0 -1 0 -0.9238794 0 -0.3826833 0.3826833 0 -0.9238794 44676.DAT
0 WORLD  -62.90532 33.29665 35.26337 0.7200091 0.05827071 -0.6915128 -0.5234221 0.699872 -0.4860165 0.455651 0.711892 0.534413
0 CENTRE  0 0 0
0 LOOKAT  -60 15 0
0 ZOOM  26
