0 FILE F:\LEGOÆ\MLCad officiÎle sets\7815.ldr
0 Untitled
0 Name: 7815.ldr
0 Author: Rijk van Voorst
0 Unofficial Model
0 ROTATION CENTER 0 0 0 1 "Custom" 
0 ROTATION CONFIG 0 0
1 0 0 0 0 0 0 -1 0 1 0 1 0 0 4093a.dat
1 0 0 -8 0 0 0 -1 0 1 0 1 0 0 3020.dat
1 7 0 -8 -150 -1 0 0 0 1 0 0 0 -1 3023.dat
1 7 0 -8 90 -1 0 0 0 1 0 0 0 -1 3023.dat
1 7 0 -8 150 -1 0 0 0 1 0 0 0 -1 3023.dat
1 7 0 -8 -90 -1 0 0 0 1 0 0 0 -1 3023.dat
1 0 -30 -24 0 0 0 1 0 1 0 -1 0 0 3004.dat
1 4 -50 -24 0 0 0 1 0 1 0 -1 0 0 3010.dat
1 4 -50 -24 -120 0 0 1 0 1 0 -1 0 0 3008.dat
1 4 -50 -24 120 0 0 1 0 1 0 -1 0 0 3008.dat
1 4 -20 -24 -50 1 0 0 0 1 0 0 0 1 3004.dat
1 4 -20 -24 50 1 0 0 0 1 0 0 0 1 3004.dat
1 4 -50 -48 0 0 0 1 0 1 0 -1 0 0 3008.dat
1 4 -50 -48 180 0 0 1 0 1 0 -1 0 0 3004.dat
1 4 -50 -48 -180 0 0 1 0 1 0 -1 0 0 3004.dat
1 4 -20 -48 50 1 0 0 0 1 0 0 0 1 3004.dat
1 4 -20 -48 -50 1 0 0 0 1 0 0 0 1 3004.dat
1 4 -50 -48 -110 0 0 1 0 1 0 -1 0 0 4070.dat
1 4 -50 -48 -130 0 0 1 0 1 0 -1 0 0 4070.dat
1 4 -50 -48 110 0 0 1 0 1 0 -1 0 0 4070.dat
1 4 -50 -48 130 0 0 1 0 1 0 -1 0 0 4070.dat
1 15 -30 -48 0 0 0 -1 0 1 0 1 0 0 3660.dat
1 7 0 -16 -120 0 0 -1 0 1 0 1 0 0 3795.dat
1 7 0 -40 -70 -1 0 0 0 1 0 0 0 -1 3004.dat
1 7 0 -64 -70 -1 0 0 0 1 0 0 0 -1 3004.dat
1 7 0 -72 -70 -1 0 0 0 1 0 0 0 -1 3069b.dat
1 15 0 -24 -170 -1 0 0 0 1 0 0 0 -1 3069b.dat
1 7 0 -16 120 0 0 1 0 1 0 -1 0 0 3795.dat
1 7 0 -40 70 1 0 0 0 1 0 0 0 1 3004.dat
1 7 0 -64 70 1 0 0 0 1 0 0 0 1 3004.dat
1 7 0 -72 70 1 0 0 0 1 0 0 0 1 3069b.dat
1 15 0 -24 170 1 0 0 0 1 0 0 0 1 3069b.dat
1 15 -30 -48 0 0 0 -1 0 1 0 1 0 0 69c01.dat
1 4 50 -24 -120 0 0 1 0 1 0 -1 0 0 3008.dat
1 4 50 -24 120 0 0 1 0 1 0 -1 0 0 3008.dat
1 4 50 -24 0 0 0 1 0 1 0 -1 0 0 3010.dat
1 14 -50 -72 110 0 0 1 0 1 0 -1 0 0 3005.dat
1 14 -50 -72 -110 0 0 1 0 1 0 -1 0 0 3005.dat
1 14 -50 -72 -30 0 0 1 0 1 0 -1 0 0 3005.dat
1 14 -50 -72 30 0 0 1 0 1 0 -1 0 0 3005.dat
1 14 -30 -72 50 1 0 0 0 1 0 0 0 1 3622.dat
1 14 -30 -72 -50 1 0 0 0 1 0 0 0 1 3622.dat
1 4 50 -48 -150 0 0 -1 0 1 0 1 0 0 4070.dat
1 4 50 -48 -130 0 0 -1 0 1 0 1 0 0 4070.dat
1 4 50 -48 -110 0 0 -1 0 1 0 1 0 0 4070.dat
1 4 50 -48 -90 0 0 -1 0 1 0 1 0 0 4070.dat
1 4 50 -48 90 0 0 -1 0 1 0 1 0 0 4070.dat
1 4 50 -48 110 0 0 -1 0 1 0 1 0 0 4070.dat
1 4 50 -48 130 0 0 -1 0 1 0 1 0 0 4070.dat
1 4 50 -48 150 0 0 -1 0 1 0 1 0 0 4070.dat
1 4 50 -48 -180 0 0 1 0 1 0 -1 0 0 3004.dat
1 4 50 -48 180 0 0 1 0 1 0 -1 0 0 3004.dat
1 4 50 -48 0 0 0 1 0 1 0 -1 0 0 3008.dat
1 4 -50 -48 -150 0 0 1 0 1 0 -1 0 0 4070.dat
1 4 -50 -48 -90 0 0 1 0 1 0 -1 0 0 4070.dat
1 7 -40 -38 -90 0 1 0 -1 0 0 0 0 1 3794a.dat
1 7 -40 -38 -150 0 1 0 -1 0 0 0 0 1 3794a.dat
1 7 -32 -38 -150 0 1 0 -1 0 0 0 0 1 4275a.dat
1 7 -32 -38 -90 0 1 0 -1 0 0 0 0 1 4275a.dat
1 7 2 -72 -150 -1 0 0 0 1 0 0 0 -1 4276a.dat
1 7 2 -72 -90 -1 0 0 0 1 0 0 0 -1 4276a.dat
1 7 2 -80 -120 0 0 -1 0 1 0 1 0 0 3795.dat
1 4 -50 -48 90 0 0 1 0 1 0 -1 0 0 4070.dat
1 4 -50 -48 150 0 0 1 0 1 0 -1 0 0 4070.dat
1 7 -40 -38 150 0 1 0 -1 0 0 0 0 1 3794a.dat
1 7 -40 -38 90 0 1 0 -1 0 0 0 0 1 3794a.dat
1 7 -32 -38 90 0 1 0 -1 0 0 0 0 1 4275a.dat
1 7 -32 -38 150 0 1 0 -1 0 0 0 0 1 4275a.dat
1 7 2 -72 90 -1 0 0 0 1 0 0 0 -1 4276a.dat
1 7 2 -72 150 -1 0 0 0 1 0 0 0 -1 4276a.dat
1 7 2 -80 120 0 0 -1 0 1 0 1 0 0 3795.dat
1 0 0 -8 -280 1 0 0 0 1 0 0 0 1 3020.dat
1 0 0 -8 280 1 0 0 0 1 0 0 0 1 3020.dat
1 15 2 -88 -170 1 0 0 0 1 0 0 0 1 3069b.dat
1 15 2 -88 170 1 0 0 0 1 0 0 0 1 3069b.dat
1 14 50 -72 -110 0 0 1 0 1 0 -1 0 0 3005.dat
1 14 50 -72 110 0 0 1 0 1 0 -1 0 0 3005.dat
1 14 50 -96 110 0 0 1 0 1 0 -1 0 0 3005.dat
1 14 50 -96 -110 0 0 1 0 1 0 -1 0 0 3005.dat
1 14 -50 -96 -110 0 0 1 0 1 0 -1 0 0 3005.dat
1 14 -50 -96 110 0 0 1 0 1 0 -1 0 0 3005.dat
1 14 50 -72 -40 0 0 1 0 1 0 -1 0 0 3004.dat
1 14 50 -72 40 0 0 1 0 1 0 -1 0 0 3004.dat
1 14 50 -96 40 0 0 1 0 1 0 -1 0 0 3004.dat
1 14 50 -96 -40 0 0 1 0 1 0 -1 0 0 3004.dat
1 14 -50 -96 -40 0 0 1 0 1 0 -1 0 0 3004.dat
1 14 -50 -96 40 0 0 1 0 1 0 -1 0 0 3004.dat
1 14 -20 -96 50 1 0 0 0 1 0 0 0 1 3004.dat
1 14 -20 -96 -50 1 0 0 0 1 0 0 0 1 3004.dat
1 0 -30 -32 -280 0 0 -1 0 1 0 1 0 0 3004.dat
1 0 -30 -56 -280 0 0 -1 0 1 0 1 0 0 3004.dat
1 0 -30 -80 -280 0 0 -1 0 1 0 1 0 0 3004.dat
1 0 -30 -104 -280 0 0 -1 0 1 0 1 0 0 3004.dat
1 0 -30 -128 -280 0 0 -1 0 1 0 1 0 0 3004.dat
1 0 30 -32 -280 0 0 -1 0 1 0 1 0 0 3004.dat
1 0 30 -56 -280 0 0 -1 0 1 0 1 0 0 3004.dat
1 0 30 -80 -280 0 0 -1 0 1 0 1 0 0 3004.dat
1 0 30 -104 -280 0 0 -1 0 1 0 1 0 0 3004.dat
1 0 30 -128 -280 0 0 -1 0 1 0 1 0 0 3004.dat
1 0 30 -32 280 0 0 -1 0 1 0 1 0 0 3004.dat
1 0 30 -56 280 0 0 -1 0 1 0 1 0 0 3004.dat
1 0 30 -80 280 0 0 -1 0 1 0 1 0 0 3004.dat
1 0 30 -104 280 0 0 -1 0 1 0 1 0 0 3004.dat
1 0 30 -128 280 0 0 -1 0 1 0 1 0 0 3004.dat
1 0 -30 -32 280 0 0 -1 0 1 0 1 0 0 3004.dat
1 0 -30 -56 280 0 0 -1 0 1 0 1 0 0 3004.dat
1 0 -30 -80 280 0 0 -1 0 1 0 1 0 0 3004.dat
1 0 -30 -104 280 0 0 -1 0 1 0 1 0 0 3004.dat
1 0 -30 -128 280 0 0 -1 0 1 0 1 0 0 3004.dat
1 0 0 -136 -290 -1 0 0 0 1 0 0 0 -1 3710.dat
1 0 0 -136 290 -1 0 0 0 1 0 0 0 -1 3710.dat
1 14 50 -120 -110 0 0 1 0 1 0 -1 0 0 3005.dat
1 14 50 -120 110 0 0 1 0 1 0 -1 0 0 3005.dat
1 14 -50 -120 110 0 0 1 0 1 0 -1 0 0 3005.dat
1 14 -50 -120 -110 0 0 1 0 1 0 -1 0 0 3005.dat
1 14 -50 -120 -30 0 0 1 0 1 0 -1 0 0 3005.dat
1 14 -50 -120 30 0 0 1 0 1 0 -1 0 0 3005.dat
1 14 -30 -120 50 1 0 0 0 1 0 0 0 1 3622.dat
1 14 -30 -120 -50 1 0 0 0 1 0 0 0 1 3622.dat
1 14 50 -120 -40 0 0 1 0 1 0 -1 0 0 3004.dat
1 14 50 -120 40 0 0 1 0 1 0 -1 0 0 3004.dat
1 14 50 -120 -270 1 0 0 0 1 0 0 0 1 4181p02.dat
1 14 -50 -120 270 -1 0 0 0 1 0 0 0 -1 4181p02.dat
1 14 50 -120 270 -1 0 0 0 1 0 0 0 -1 4182p02.dat
1 14 -50 -120 -270 1 0 0 0 1 0 0 0 1 4182p02.dat
1 47 50 -120 -270 1 0 0 0 1 0 0 0 1 4183.dat
1 47 50 -120 210 1 0 0 0 1 0 0 0 1 4183.dat
1 47 -50 -120 270 -1 0 0 0 1 0 0 0 -1 4183.dat
1 47 -50 -120 -210 -1 0 0 0 1 0 0 0 -1 4183.dat
1 14 50 -120 -160 0 0 -1 0 1 0 1 0 0 4033c01.dat
1 14 50 -120 160 0 0 -1 0 1 0 1 0 0 4033c01.dat
1 14 -50 -120 160 0 0 1 0 1 0 -1 0 0 4033c01.dat
1 14 -50 -120 -160 0 0 1 0 1 0 -1 0 0 4033c01.dat
1 14 -50 -120 -80 0 0 1 0 1 0 -1 0 0 4035c01.dat
1 14 -50 -120 0 0 0 1 0 1 0 -1 0 0 4035c01.dat
1 14 -50 -120 80 0 0 1 0 1 0 -1 0 0 4035c01.dat
1 14 50 -120 80 0 0 -1 0 1 0 1 0 0 4035c01.dat
1 14 50 -120 0 0 0 -1 0 1 0 1 0 0 4035c01.dat
1 14 50 -120 -80 0 0 -1 0 1 0 1 0 0 4035c01.dat
1 14 50 -128 -220 0 0 -1 0 1 0 1 0 0 3666.dat
1 14 50 -128 220 0 0 -1 0 1 0 1 0 0 3666.dat
1 14 -50 -128 220 0 0 -1 0 1 0 1 0 0 3666.dat
1 14 -50 -128 -220 0 0 -1 0 1 0 1 0 0 3666.dat
1 14 50 -128 -80 0 0 -1 0 1 0 1 0 0 3460.dat
1 14 50 -128 80 0 0 -1 0 1 0 1 0 0 3460.dat
1 14 -50 -128 80 0 0 -1 0 1 0 1 0 0 3460.dat
1 14 -50 -128 -80 0 0 -1 0 1 0 1 0 0 3460.dat
1 7 10 -152 -260 0 0 -1 0 1 0 1 0 0 3298.dat
1 7 -10 -152 -260 0 0 1 0 1 0 -1 0 0 3298.dat
1 7 -10 -152 260 0 0 1 0 1 0 -1 0 0 3298.dat
1 7 10 -152 260 0 0 -1 0 1 0 1 0 0 3298.dat
1 7 0 -152 -180 0 0 -1 0 1 0 1 0 0 4509.dat
1 7 0 -152 -60 0 0 -1 0 1 0 1 0 0 4509.dat
1 7 0 -152 60 0 0 -1 0 1 0 1 0 0 4509.dat
1 7 0 -152 180 0 0 -1 0 1 0 1 0 0 4509.dat
1 7 0 32 200 -1 0 0 0 1 0 0 0 -1 Bogie.ldr
1 7 0 32 -200 1 0 0 0 1 0 0 0 1 Bogie.ldr
1 0 0 40 0 0 0 -1 0 1 0 1 0 0 3029.dat
1 0 40 16 -60 0 0 -1 0 1 0 1 0 0 3003.dat
1 0 40 16 60 0 0 -1 0 1 0 1 0 0 3003.dat
1 0 -40 16 60 0 0 -1 0 1 0 1 0 0 3003.dat
1 0 -40 16 -60 0 0 -1 0 1 0 1 0 0 3003.dat
1 0 30 16 -100 0 0 -1 0 1 0 1 0 0 3660.dat
1 0 30 16 -20 0 0 -1 0 1 0 1 0 0 3660.dat
1 0 30 16 20 0 0 -1 0 1 0 1 0 0 3660.dat
1 0 30 16 100 0 0 -1 0 1 0 1 0 0 3660.dat
1 0 -30 16 100 0 0 1 0 1 0 -1 0 0 3660.dat
1 0 -30 16 20 0 0 1 0 1 0 -1 0 0 3660.dat
1 0 -30 16 -20 0 0 1 0 1 0 -1 0 0 3660.dat
1 0 -30 16 -100 0 0 1 0 1 0 -1 0 0 3660.dat
1 0 -30 8 -90 0 0 1 0 1 0 -1 0 0 3623.dat
1 0 30 8 -90 0 0 1 0 1 0 -1 0 0 3623.dat
1 0 30 8 90 0 0 1 0 1 0 -1 0 0 3623.dat
1 0 -30 8 90 0 0 1 0 1 0 -1 0 0 3623.dat
1 0 -30 8 0 0 0 1 0 1 0 -1 0 0 3666.dat
1 0 30 8 0 0 0 1 0 1 0 -1 0 0 3666.dat
1 7 0 -160 -250 1 0 0 0 1 0 0 0 1 3023.dat
1 7 0 -160 250 1 0 0 0 1 0 0 0 1 3023.dat
1 7 0 -160 -180 1 0 0 0 1 0 0 0 1 4032a.dat
1 7 0 -160 -60 1 0 0 0 1 0 0 0 1 4032a.dat
1 7 0 -160 60 1 0 0 0 1 0 0 0 1 4032a.dat
1 7 0 -160 180 1 0 0 0 1 0 0 0 1 4032a.dat
1 15 64 -38 -100 0 -1 0 0 0 -1 1 0 0 3069bpt0.dat
1 15 64 -38 100 0 -1 0 0 0 -1 1 0 0 3069bpt0.dat
1 15 -64 -38 100 0 1 0 0 0 -1 -1 0 0 3069bpt0.dat
1 15 -64 -38 -100 0 1 0 0 0 -1 -1 0 0 3069bpt0.dat
1 15 -64 -38 -140 0 1 0 0 0 -1 -1 0 0 3069bp00.dat
1 15 -64 -38 140 0 1 0 0 0 -1 -1 0 0 3069bp00.dat
1 15 64 -38 140 0 -1 0 0 0 -1 1 0 0 3069bp00.dat
1 15 64 -38 -140 0 -1 0 0 0 -1 1 0 0 3069bp00.dat
1 15 2 -152 -140 -1 0 0 0 1 0 0 0 -1 Male.ldr
1 15 2 -152 140 1 0 0 0 1 0 0 0 1 Female.ldr
0
0 FILE Male.ldr
0 New Minifig Model
0 Name: Male.ldr
0 Author: Rijk van Voorst
0 Unofficial Model
0 ROTATION CENTER 0 0 0 1 "Custom" 
0 ROTATION CONFIG 0 0
1 6 0 45.112 33.604 1 0 0 0 0.263031 0.964787 0 -0.964787 0.263031 3901.dat
1 14 0 45.112 33.604 1 0 0 0 0.263031 0.964787 0 -0.964787 0.263031 3626ap01.dat
1 0 0 51.424 10.453 1 0 0 0 0.263031 0.964787 0 -0.964787 0.263031 973.dat
1 1 0 59.847 -20.422 1 0 0 0 0.263031 0.964787 0 -0.964787 0.263031 3815.dat
1 0 -15.552 53.792 1.766 0.985 -0.17 0 0.0447153 0.259086 0.964787 -0.164014 -0.950316 0.263031 3818.dat
1 0 15.552 53.792 1.766 0.985 0.17 0 -0.0447153 0.259086 0.964787 0.164014 -0.950316 0.263031 3819.dat
1 14 -23.863 48.463 -17.923 0.985 -0.12019 0.12019 0.0447153 0.865278 0.498931 -0.164014 -0.48591 0.857836 3820.dat
1 14 23.863 48.463 -17.923 0.985 0.12019 -0.12019 -0.0447153 0.865278 0.498931 0.164014 -0.48591 0.857836 3820.dat
1 1 0 63 -32 1 0 0 0 0 1 0 -1 0 3816.dat
1 1 0 63 -32 1 0 0 0 0 1 0 -1 0 3817.dat
0 
0
0 FILE Bogie.ldr
0 New Model
0 Name: Bogie.ldr
0 Author: Rijk van Voorst
0 Unofficial Model
0 ROTATION CENTER 0 0 0 1 "Custom" 
0 ROTATION CONFIG 0 0
1 0 0 0 0 0 0 -1 0 1 0 1 0 0 3795.dat
1 0 0 8 -40 -1 0 0 0 1 0 0 0 -1 4180c02.dat
1 0 0 8 40 -1 0 0 0 1 0 0 0 -1 4180c02.dat
1 0 0 -8 0 0 0 -1 0 1 0 1 0 0 3795.dat
1 0 0 -16 20 0 0 -1 0 1 0 1 0 0 3020.dat
1 0 -30 -16 0 0 0 -1 0 1 0 1 0 0 3009.dat
1 0 30 -16 0 0 0 -1 0 1 0 1 0 0 3009.dat
1 0 0 -16 -40 1 0 0 0 1 0 0 0 1 4022.dat
1 0 0 0 -70 1 0 0 0 1 0 0 0 1 4023.dat
1 0 0 4 -105 1 0 0 0 1 0 0 0 1 2959c01.dat
1 0 0 -24 0 0 0 -1 0 1 0 1 0 0 4092a.dat
0
0 FILE Female.ldr
0 New Minifig Model
0 Name: Female.ldr
0 Author: Rijk van Voorst
0 Unofficial Model
0 New Minifig Model
0 Name: Male.ldr
0 Author: Rijk van Voorst
0 Unofficial Model
0 ROTATION CENTER 0 0 0 1 "Custom" 
0 ROTATION CONFIG 0 0
1 0 0 45.112 33.604 1 0 0 0 0.263031 0.964787 0 -0.964787 0.263031 3625.dat
1 14 0 45.112 33.604 1 0 0 0 0.263031 0.964787 0 -0.964787 0.263031 3626ap01.dat
1 15 0 51.424 10.453 1 0 0 0 0.263031 0.964787 0 -0.964787 0.263031 973.dat
1 4 0 59.847 -20.422 1 0 0 0 0.263031 0.964787 0 -0.964787 0.263031 3815.dat
1 15 -15.552 53.792 1.766 0.985 -0.17 0 0.0447153 0.259086 0.964787 -0.164014 -0.950316 0.263031 3818.dat
1 15 15.552 53.792 1.766 0.985 0.17 0 -0.0447153 0.259086 0.964787 0.164014 -0.950316 0.263031 3819.dat
1 14 -23.863 48.463 -17.923 0.985 -0.12019 0.12019 0.0447153 0.865278 0.498931 -0.164014 -0.48591 0.857836 3820.dat
1 14 23.863 48.463 -17.923 0.985 0.12019 -0.12019 -0.0447153 0.865278 0.498931 0.164014 -0.48591 0.857836 3820.dat
1 4 0 63 -32 1 0 0 0 0 1 0 -1 0 3816.dat
1 4 0 63 -32 1 0 0 0 0 1 0 -1 0 3817.dat
0 
0
0
