0 FILE E:\LEGOÆ\6532.ldr
0 Untitled
0 Name: 6532.ldr
0 Author: MLCad
0 Unofficial Model
0 ROTATION CENTER 0 0 0 1 "Custom" 
0 ROTATION CONFIG 0 0
1 0 0 0 0 0 0 1 0 1 0 -1 0 0 3640.dat
1 0 -120 0 0 0 0 -1 0 1 0 1 0 0 3639.dat
1 0 40 8 0 0 0 -1 0 1 0 1 0 0 4600.dat
1 0 100 8 0 0 0 -1 0 1 0 1 0 0 4600.dat
1 0 -100 8 0 0 0 -1 0 1 0 1 0 0 4600.dat
1 0 80 0 0 -1 0 0 0 1 0 0 0 -1 3020.dat
1 14 40 -8 0 -1 0 0 0 1 0 0 0 -1 3022.dat
1 7 -30 -8 0 0 0 1 0 1 0 -1 0 0 3023.dat
1 14 -140 -8 0 1 0 0 0 1 0 0 0 1 3795.dat
1 7 -30 -16 0 0 0 1 0 1 0 -1 0 0 3839b.dat
1 14 80 -16 10 1 0 0 0 1 0 0 0 1 4531.dat
1 14 80 -16 -10 1 0 0 0 1 0 0 0 1 4531.dat
1 14 80 -16 10 1 0 0 0 1 0 0 0 1 4275b.dat
1 14 80 -16 -10 1 0 0 0 1 0 0 0 1 4275b.dat
1 14 -180 0 0 0 0 1 0 1 0 -1 0 0 4859.dat
1 14 -130 -16 0 0 0 1 0 1 0 -1 0 0 3710.dat
1 0 30 -16 0 0 0 1 0 1 0 -1 0 0 3069b.dat
1 14 -100 -16 0 0 0 1 0 1 0 -1 0 0 4079.dat
1 0 -170 -32 10 0 0 1 0 1 0 -1 0 0 3062b.dat
1 0 -170 -32 -10 0 0 1 0 1 0 -1 0 0 3062b.dat
1 14 -190 -32 10 0 0 1 0 1 0 -1 0 0 4070.dat
1 14 -190 -32 -10 0 0 1 0 1 0 -1 0 0 4070.dat
1 0 -150 -32 0 0 0 1 0 1 0 -1 0 0 3004.dat
1 14 -130 -24 0 0 0 1 0 1 0 -1 0 0 3829c01.dat
1 14 -130 -24 -30 0 0 1 0 1 0 -1 0 0 4592c01.dat
1 14 -170 -40 0 1 0 0 0 1 0 0 0 1 3021.dat
1 14 60 -24 0 0 0 1 0 1 0 -1 0 0 4080.dat
1 47 -204 -22 10 0 1 0 0 0 -1 -1 0 0 4073.dat
1 47 -204 -22 -10 0 1 0 0 0 -1 -1 0 0 4073.dat
1 0 -170 -48 -10 0 0 1 0 1 0 -1 0 0 4073.dat
1 0 -170 -56 -10 0 0 1 0 1 0 -1 0 0 4073.dat
1 0 -92 -69 0 0 0 1 0 1 0 -1 0 0 driver.ldr
1 14 -100 13 -30 1 0 0 0 1 0 0 0 1 4624.dat
1 14 40 13 -30 1 0 0 0 1 0 0 0 1 4624.dat
1 14 100 13 -30 1 0 0 0 1 0 0 0 1 4624.dat
1 14 100 13 30 -1 0 0 0 1 0 0 0 -1 4624.dat
1 14 40 13 30 -1 0 0 0 1 0 0 0 -1 4624.dat
1 14 -100 13 30 -1 0 0 0 1 0 0 0 -1 4624.dat
1 0 -100 13 30 -1 0 0 0 1 0 0 0 -1 4084.dat
1 0 40 13 30 -1 0 0 0 1 0 0 0 -1 4084.dat
1 0 100 13 30 -1 0 0 0 1 0 0 0 -1 4084.dat
1 0 100 13 -30 1 0 0 0 1 0 0 0 1 4084.dat
1 0 40 13 -30 1 0 0 0 1 0 0 0 1 4084.dat
1 0 -100 13 -30 1 0 0 0 1 0 0 0 1 4084.dat
0
0 FILE driver.ldr
0 New Minifig Model
0 Name: driver.ldr
0 Author: MLCad
0 Unofficial Model
0 ROTATION CENTER 0 0 0 1 "Custom" 
0 ROTATION CONFIG 0 0
1 4 0 -23.835 4.744 1 0 0 0 0.997564 0.0697565 0 -0.0697565 0.997564 3833.dat
1 14 0 -23.835 4.744 1 0 0 0 0.997564 0.0697565 0 -0.0697565 0.997564 3626bp01.dat
1 15 0 0.108 3.069 1 0 0 0 0.997564 0.0697565 0 -0.0697565 0.997564 973p1b.dat
1 1 0 32.029 0.836 1 0 0 0 0.997564 0.0697565 0 -0.0697565 0.997564 970.DAT
1 15 -15.552 9.087 2.442 0.985 -0.139256 -0.097508 0.169586 0.764889 0.620738 -0.0118586 -0.628463 0.777746 982.DAT
1 15 15.552 9.087 2.442 0.985 0.139256 0.097508 -0.169586 0.764889 0.620738 0.0118586 -0.628463 0.777746 981.DAT
1 14 -22.28 16.148 -17.315 0.985 -0.167392 0.0295157 0.169586 0.979638 -0.101915 -0.0118586 0.105543 0.99419 983.DAT
1 14 22.28 16.148 -17.315 0.985 0.167392 -0.0295157 -0.169586 0.979638 -0.101915 0.0118586 0.105543 0.99419 983.DAT
1 1 0 44 0 1 0 0 0 0 1 0 -1 0 971.DAT
1 1 0 44 0 1 0 0 0 0 1 0 -1 0 972.DAT
0
0
